CRPS
      1.2216
      1.0997
      0.9144
      0.9260
      0.9407
      0.9578
      1.0113
      1.0497
      1.0280
      1.1800
      1.0323
      1.0267
      1.0317
      1.0286
      1.0202
      1.0135
      1.0010
      1.0333
      1.0735
      1.0919
      1.1682
      1.2650
      1.1928
      1.1703
      1.2321
      1.3013
      1.0564
      0.9072
      0.9224
      0.9494
      0.9710
      0.9860
      1.0001
      0.9993
      1.0089
      1.0072
      1.0107
      1.0075
      1.0041
      0.9933
      1.0458
      1.2124
      1.2408
      1.3527
      1.4627
      1.4484
      1.4748
      1.5314
      1.4790
      1.2148
      1.2925
      1.2485
      1.1667
      0.9202
      0.9662
      1.0030
      1.0472
      1.0627
      1.1659
      1.2168
      1.2653
      1.2164
      4.0151
      3.7493
      2.7715
      2.2126
      1.8251
      1.7656
      1.8019
      1.7662
      1.8093
      1.6366
      1.7252
      1.6392
      1.4721
      1.3772
      1.1689
      0.9976
      0.9981
      1.0252
      1.0057
      1.0325
      1.5355
      2.9447
      4.5620
      4.5187
      4.0225
      3.5599
      3.2223
      2.7826
      2.6402
      2.5212
      2.4298
      2.5702
      2.1316
      2.3144
      2.2500
      2.1632
      2.0686
      1.8791
      1.7333
      1.5213
      1.2299
      1.0211
      1.2418
      1.5479
      2.2613
      3.0745
      4.0484
      5.0107
      2.5315
      5.4746
      2.4697
      2.8365
      2.9450
      2.8591
      2.5882
      2.2477
      1.9670
      1.8012
      1.6626
      1.5013
      1.3779
      1.3142
      1.2753
      1.2785
      1.3569
      1.4724
      1.6380
      1.7484
      1.7708
      1.8083
      1.7268
      1.6744
      1.6177
      1.5326
      1.4524
      1.3969
      1.3450
      1.2823
      1.2291
      1.2045
      1.2354
      1.1418
      1.1360
      1.1207
      1.1222
      1.1279
      1.1285
      1.1513
      1.1454
      1.1617
      1.2090
      1.2324
      1.2229
      1.2459
      1.2509
      1.2541
      1.2545
      1.2511
      1.2284
      1.2039
      1.1926
      1.1801
      1.1680
      1.1564
      1.1468
      1.1401
      1.1519
      1.1529
      1.1727
      1.1960
      1.2846
      1.2933
      1.3261
      1.3913
      1.4671
      1.4787
      1.6645
      1.5458
      1.4632
      1.4478
      1.4904
      1.5033
      1.4349
      1.3919
      1.3713
      1.3324
      1.3307
      1.2900
      1.2516
      1.2488
      1.2159
      1.2361
      1.2264
      1.2014
      1.1963
      1.2095
      1.2070
      1.2061
      1.2067
      1.2450
      1.2890
      1.2884
      1.2871
      1.2836
      1.2567
      1.2492
      1.2192
      1.1891
      1.1595
      1.1479
      1.1916
      1.0951
      1.1333
      1.1264
      1.1404
      1.2229
      1.2244
      1.2770
      1.2566
      1.3141
      1.3481
      1.4140
      1.4200
      1.3947
      1.3141
      1.3732
      1.3758
      1.3213
      1.3015
      1.3466
      1.3528
      1.3931
      1.4718
      1.5261
      1.5684
      1.5272
      1.4997
      1.5782
      1.5281
      1.4489
      1.4511
      1.3989
      1.3498
      1.3548
      1.4619
      1.6837
      1.7472
      2.0345
      2.1166
      2.1096
      2.0266
      1.8882
      1.7545
      1.6654
      1.5824
      1.5386
      1.3571
      1.3014
      1.2529
      1.2301
      1.2331
      1.1589
      1.2070
      1.2211
      1.2160
      1.2858
      1.3392
      1.3991
      1.4009
      1.4347
      1.5388
      1.6537
      1.5418
      1.5419
      1.5409
      1.5386
      1.5348
      1.4942
      1.4872
      1.4789
      1.4368
      1.4278
      1.3876
      1.3798
      1.3432
      1.4659
      1.4638
      1.4645
      1.4678
      1.5444
      1.6286
      1.6392
      1.7331
      1.7050
      1.7607
      1.8625
      1.8296
      1.8387
      1.8441
      1.8453
      1.8420
      1.7474
      1.6549
      1.6417
      1.5888
      1.5740
      1.5230
      1.6212
      1.5708
      1.3588
      1.4172
      1.4836
      1.5217
      1.5644
      1.7322
      1.7429
      1.7969
      1.8976
      1.9544
      2.0116
      1.9226
      1.9282
      1.8852
      1.8865
      1.8846
      1.8791
      1.7809
      1.6853
      1.6715
      1.6169
      1.6015
      1.5493
      1.5744
   -999.0000
      3.0491
      1.5597
      1.5641
      1.6659
      1.6672
      1.7099
      1.6654
      1.6136
      1.5922
      1.5432
      1.5432
      1.6624
      1.8764
      2.0333
      2.0973
      2.0704
      2.0861
      2.2760
      2.4398
      2.5990
      2.6031
      2.4480
      2.2229
      2.1493
      1.9774
      1.8618
      1.7570
      1.6643
      1.6225
      1.6742
      1.7244
      1.7692
      1.8549
      1.9728
      2.0903
      2.1812
      2.2342
      2.0597
      2.0872
      2.0462
      2.0333
      1.9245
      1.7808
      1.6512
      1.5372
      1.5187
      1.4511
      1.3702
      1.3470
      1.3540
      1.3938
      1.4149
      1.4125
      1.4127
      1.5036
      1.5381
      1.5750
      1.6130
      1.6152
      1.5472
      1.5478
      1.5466
      1.5436
      1.5376
      1.5623
      1.5503
      1.5369
      1.5223
      1.4753
      1.6748
      1.4202
      1.3835
      1.5748
      1.6130
      1.6180
      1.7049
      1.7992
      1.8114
      1.8687
      1.8813
      1.9406
      1.9522
      2.0110
      1.9230
      1.8820
      1.8842
      1.8373
      1.7877
      1.7353
      1.8043
      1.7451
      1.6864
      1.6304
      1.6149
      1.6016
      1.6697
      1.6654
      1.6653
      1.6690
      1.7148
      1.8062
      1.8574
      1.8646
      1.8703
      1.9220
      1.8803
      1.9306
      1.7982
      1.9361
      1.8029
      1.8483
      1.8468
      1.7983
      1.7916
      1.7396
      1.7280
      1.6732
      1.6577
      1.6046
      1.5930
      1.7027
      1.6992
      1.6991
      1.7427
      1.7043
      1.7076
      1.7524
      1.7134
      1.7577
      1.7181
      1.7201
      1.7217
      1.7229
      1.7230
      1.7210
      1.7155
      1.7059
      1.6527
      1.6377
      1.5836
      1.5315
      1.5174
      1.4709
      1.4631
