CRPS
      0.3340
      0.3011
      0.2650
      0.2820
      0.2607
      0.2403
      0.2200
      0.2128
      0.2146
      0.2286
      0.9805
      2.0146
      1.7460
      1.1797
      0.9359
      1.0779
      0.9530
      0.6755
      0.5532
      0.5119
      0.4856
      0.4781
      0.5008
      0.4390
      0.4252
      0.5203
      0.4804
      0.4968
      0.4741
      0.4327
      0.3826
      0.4752
      0.6885
      0.7198
      0.7781
      0.4543
      0.3044
      0.2756
      0.2634
      0.2799
      0.3243
      0.3066
      0.2270
      0.4607
      0.4568
      0.4516
      0.4534
      0.4616
