CRPS
      1.4597
      1.4955
      1.5373
      1.6233
      1.6378
      1.6962
      1.7604
      1.8296
      1.9009
      1.9712
      1.9466
      1.8421
      1.3580
      2.3711
      2.8463
      4.5234
      2.3551
      1.7621
      2.2254
      2.2736
      2.3103
      2.3524
      2.3662
      2.2578
      1.9241
      1.8346
      1.7561
      1.6208
      1.5687
      1.4700
      1.4745
      1.4382
      1.4750
      1.5304
      1.5366
      1.6108
      1.6489
      1.5797
      1.4814
      1.5193
      1.5786
      1.5446
      1.4788
      1.4411
      1.3559
      1.3246
      1.2967
      1.2954
