CRPS
      1.4594
      1.4939
      1.4966
      1.5735
      1.6164
      1.6204
      1.6232
      1.6247
      1.6251
      1.6901
      2.0306
      2.6657
      2.7282
      1.8686
      1.8977
      2.0016
      1.9171
      2.4612
      2.7382
      2.5062
      2.3197
      2.2699
      2.2086
      2.0972
      1.7561
      1.7082
      1.6364
      1.5147
      1.4669
      1.3759
      1.3457
      1.3446
      1.4405
      1.6463
      1.8109
      1.9203
      1.9524
      1.7898
      1.6024
      1.5661
      1.5808
      1.5071
      1.4384
      1.3999
      1.3208
      1.3141
      1.2682
      1.2909
