CRPS
      0.5380
      0.5089
      0.5018
      0.4693
      0.3683
      0.4244
      0.3280
      0.3078
      0.3379
      0.3606
      0.3625
      0.3529
      0.3352
      0.3136
      0.2940
      0.2777
      0.3247
      0.3537
      0.3748
      0.4336
      0.4832
      0.4723
      0.4449
      0.4509
      0.4467
      0.4352
      0.4185
      0.3981
      0.3918
      0.4472
      0.4732
      0.5023
      0.4904
      0.5341
      0.5669
      0.5736
      0.5700
      0.5753
      0.5545
      0.5866
      0.5732
      0.5588
      0.5887
      0.4623
      0.6544
      0.5573
      0.5552
      0.5416
