CRPS
      0.7408
      0.6621
      0.6747
      0.6449
      0.7351
      0.8013
      0.9520
      1.0671
      1.1713
      1.2519
      1.2863
      1.2730
      1.2632
      1.2386
      1.2510
      1.1941
      1.1570
      1.1672
      1.1098
      1.0687
      0.9987
      1.0047
      0.9633
      0.9027
      0.8985
      0.8740
      0.8733
      0.8508
      0.9024
      0.7109
      1.3820
      1.1916
      1.2173
      1.2650
      1.2671
      1.2239
      1.2215
      1.1744
      1.1692
      1.1515
      1.1015
      1.1215
      1.0916
      1.0777
      1.0600
      1.0066
      0.9801
      0.8993
      0.8858
      0.8641
      0.8662
      0.8477
      0.9395
      1.0005
      1.0489
      1.1170
      1.1564
      1.2044
      1.1693
      1.1617
      1.1625
      1.1176
      1.1003
      1.1080
      1.1184
      1.1290
      1.1132
      1.1350
      1.1162
      1.0195
      0.9626
      0.7186
      0.9202
      0.9479
      0.9887
      0.9763
      1.0199
      1.0322
      1.0122
      1.0754
      1.1100
      1.0969
      1.1300
      1.1843
      1.1845
      1.1720
      1.1848
      1.1870
      1.1987
      1.1772
      1.1813
      1.1902
      1.1826
      1.2125
      1.0582
      1.2075
      1.1715
      1.1684
      1.1753
      1.1732
      1.1626
      1.2415
      1.2808
      1.3190
      1.3365
      1.3565
      1.3807
      1.4112
      1.4067
      1.3083
      1.2993
      1.3159
      1.3350
      1.2582
      1.2578
      1.2944
      1.2522
      1.2053
      1.1896
      1.1862
      1.1779
      1.1119
      1.0988
      0.7634
      1.1685
      0.9602
      0.9865
      1.0114
      1.0006
      0.9738
      0.9848
      0.9712
      0.9540
      0.9871
      1.0342
      1.0626
      1.1257
      1.1558
      1.1698
      1.1556
      1.2145
      1.2306
      1.2411
      1.2487
      1.2550
      1.2164
      1.2124
      1.2011
      1.2835
      1.3413
      1.4618
      1.5487
      1.5772
      1.6110
      1.6916
      1.6619
      1.6542
      1.6247
      1.6160
      1.4547
      1.6847
      1.5213
      1.5496
      1.5165
      1.5028
      1.4684
      1.3928
      1.3573
      1.3040
      1.3275
      1.2543
      1.2579
      1.2418
      1.2640
      1.2669
      1.2502
      1.2142
      1.2167
      1.2192
      1.1640
      1.2053
      1.1695
      1.1356
      1.1384
      1.1229
      1.0892
      1.0737
      1.0245
      0.9927
      0.9783
      0.9811
      0.8795
      0.9333
      0.9339
      0.9496
      0.9277
      0.9894
      1.0837
      1.1630
      1.1865
      1.2700
      1.3194
      1.3556
      1.3201
      1.3458
      1.2770
      1.2668
      1.2758
      1.2651
      1.2347
      1.2228
      1.1910
      1.2358
      1.2221
      1.1159
      1.1000
      1.0816
      1.0755
      1.0106
      0.9912
      0.9841
      1.0089
      1.0354
      1.0614
      1.0913
      1.1253
      1.1654
      1.1151
      1.1086
      1.1097
      1.1195
      1.1155
      1.1336
      1.0949
      1.1332
      1.1319
      1.0908
      1.1023
      1.0655
      0.9773
      0.9665
      0.9265
      0.9150
      0.8958
      0.8897
      1.0370
      1.1079
      1.2283
      1.2735
      1.5130
      1.4605
      1.4705
      1.4218
      1.3688
      1.3598
      1.2749
      1.2467
      1.2676
      1.2679
      1.2233
      1.2646
      1.1660
      1.1679
      1.0847
      1.0398
      0.9775
      0.8780
      0.8866
      0.9138
      1.0138
      1.4614
      1.4754
      1.6394
      1.6712
      1.3865
      1.3492
      1.3083
      1.2166
      1.2128
      1.2089
      1.2040
      1.1701
      1.1505
      1.2530
      1.2066
      1.1164
      1.0641
      0.9737
      0.6915
      0.9127
      0.6454
      0.7046
      0.7835
      0.9632
      1.1126
      1.2330
      1.1622
      1.1234
      1.1377
      1.1230
      0.9876
      0.8630
      0.7385
      0.7077
      0.9724
      0.8062
      0.8680
      0.8738
      1.0005
      1.0471
      0.9584
      0.7917
      0.6890
      0.5886
      0.5585
      0.5858
      0.6439
      0.6422
      0.6749
      0.7110
      0.7695
      0.7563
      0.7775
      0.7868
      0.8253
      0.8666
      0.8040
      0.8105
      0.7821
      0.7768
      0.7635
      0.7101
      0.6968
      0.6703
      0.6631
      0.7037
      0.7435
      0.8242
      0.9319
      1.0234
      1.1037
      1.1659
      1.2023
      1.2198
      1.2607
      1.2609
      1.3773
      1.4307
      1.4131
      1.4051
      1.4285
      1.3368
      1.2485
      1.2911
      1.1773
      1.1538
      1.0756
      1.0395
      0.9974
      1.0117
      1.0203
      1.0380
      1.0417
      1.0271
      1.0952
      1.1445
      1.2359
      1.3239
      1.3930
      1.4394
      1.4745
      1.4656
      1.3860
      1.3683
      1.3123
      1.2290
      1.1518
      1.1250
      1.0773
      1.0328
      1.0103
      0.9893
      0.9561
      0.9455
      0.9955
      0.9943
      0.9969
      0.9844
      1.0396
      1.0398
      0.9712
      0.9990
      1.0097
      1.0181
      1.0361
      1.0631
      1.1022
      1.1164
      1.1206
      1.0589
      1.0362
      0.9961
      0.9913
      0.9531
      0.9497
      0.9152
      0.9371
      1.0094
      0.9717
      1.0215
      1.1331
      1.1356
      1.1722
      1.2424
      1.2613
      1.2809
      1.3256
      1.3943
      1.3954
      1.5157
      1.5335
      1.6121
      1.5956
      1.5659
      1.4281
      1.3608
      1.3242
      1.2604
      1.2268
      1.1234
      1.1303
      1.1717
      1.1992
      1.2365
      1.2549
      1.3730
      1.4081
      1.4458
      1.5576
      1.6436
      1.7771
      1.8252
      1.9125
      1.9944
      2.1375
      2.5857
      3.0659
      2.9121
      2.8978
      2.9099
      2.7576
      2.4760
      2.2754
      2.0416
      2.0437
      1.9205
      1.8626
      2.0451
      2.2681
      2.4223
      2.3698
      2.2471
      2.4573
      2.7372
      3.1295
      3.7398
      3.2696
      3.2692
      3.5731
      3.3440
      3.0125
      3.0651
      3.2759
      3.4058
      3.6667
      3.6991
      3.7508
      3.5589
      3.2194
      3.0602
      2.9163
      2.7920
      2.8870
      2.7903
      2.8466
      2.7041
      2.7111
      2.5972
      2.5452
      2.6062
      2.4712
      2.5157
      2.5586
      2.5706
      2.8173
      3.1840
      3.7462
      4.2343
      5.5004
      8.7160
      9.7367
     10.2506
     10.4312
      9.6979
      8.6720
      8.2200
      7.4059
      6.2076
      5.8759
      5.3507
      4.6363
      4.0830
      4.3869
      4.5259
      4.3144
      4.4038
      3.6929
      3.1666
      2.7566
      2.5134
      2.2922
      2.0945
      1.8374
      1.7265
      1.5941
      1.5368
      1.4970
      1.5938
      1.5694
      1.5189
      1.4458
      1.3602
      1.2549
      1.2460
      1.2789
      1.2796
      1.3193
      1.3387
      1.2976
      1.3527
      1.3654
      1.3740
      1.4444
      1.5936
      1.5517
      1.6161
      1.6114
      1.5029
      1.6523
      1.5107
      1.5808
      1.6783
      1.7615
      1.9574
      2.1891
      2.3996
      2.5748
      2.7664
      2.8251
      2.8756
      2.8438
      2.9373
      3.2434
      3.2305
      3.4393
      3.7160
      3.7033
      3.8890
      4.3746
      4.8179
      4.8454
      4.6335
      4.3595
      4.0597
      3.7044
      3.6460
      3.3494
      3.4087
      2.9420
      2.9537
      2.7027
      2.4292
      2.1971
      2.2381
      2.8285
      3.4161
      3.7424
      3.9810
      3.9529
      3.9686
      3.7260
      3.4758
      3.3874
      3.0647
      2.9137
      2.5140
      2.5154
      2.2870
      2.0940
      1.9318
      1.7924
      1.7947
      1.6775
      1.5764
      1.4898
      1.3841
      1.2207
      1.1728
      1.1446
      1.1925
      1.1361
      1.0680
      1.1034
      1.1247
      1.1015
      1.0778
      1.0360
      0.9966
      0.9448
      0.9267
      0.8961
      0.8681
      0.8484
      0.8691
      0.8981
      0.9032
      0.9121
      0.9105
      0.9583
      0.9641
      1.0053
      1.0329
      1.0267
      1.0504
      1.0362
      1.1101
      1.2044
      1.3564
      2.2543
      2.9858
      3.1601
      3.2496
      3.1320
      2.9188
      2.8448
      2.7024
      2.5258
      2.6245
      2.4905
      2.3224
      2.2362
      1.9169
      1.7788
      1.5866
      1.4951
      1.4204
      1.3830
      1.4842
      1.4322
      1.5193
      1.4470
      1.4602
      1.5315
      1.4934
      1.4530
      1.4450
      1.4379
      1.4660
      1.4292
      1.3629
      1.3714
      1.3246
      1.3453
      1.3109
      1.2833
      1.2902
      1.2745
      1.0974
      1.0460
      1.0389
      1.0473
      1.0516
      1.1041
      1.0399
      1.0451
      1.0727
      1.0514
      1.0573
      1.0478
      0.9770
      1.0142
      1.0272
      1.0247
      0.9518
      0.9776
      0.9756
      0.9784
      1.0019
      1.0071
      1.0774
      1.1035
      1.2408
      1.4746
      1.5298
      1.4721
      1.4633
      1.1764
      0.9823
      0.9577
      0.9434
      0.9362
      0.9273
      0.9231
      0.8986
      0.9286
      0.9065
      0.8592
      0.8413
      0.8064
      0.7707
      0.7570
      0.7517
      0.7360
      0.7374
      0.7295
      0.7363
      0.7591
      0.7602
      0.7518
      0.7562
      0.7462
      0.7571
      0.8204
      0.8524
      0.8627
      0.8342
      0.8053
      0.8196
      0.9536
      1.2637
      1.3340
      1.4941
      1.5611
      1.6895
      1.5826
      1.4723
      1.3667
      1.2741
      1.1896
      1.1099
      1.1851
      1.1418
      0.9945
      0.9572
      0.9376
      0.8894
      0.8590
      0.8102
      0.7847
      0.7690
      0.7336
      0.7329
      0.7079
      0.6916
      0.6811
      0.6712
      0.6604
      0.6592
      0.6550
      0.6516
      0.6488
      0.6382
      0.6354
      0.6353
      0.6362
      0.6934
      0.6906
      0.6454
      0.7384
      0.6424
      0.6555
      0.6471
      0.6907
      0.6359
      0.6292
      0.6234
      0.6160
      0.6098
      0.6037
      0.5912
      0.5931
      0.6036
      0.6151
      0.6160
      0.6286
      0.6378
      0.6499
      0.6638
      0.6795
      0.6944
      0.7096
      0.7236
      0.7259
      0.7318
      0.7299
      0.7287
      0.7173
      0.7051
      0.6960
      0.6786
      0.6709
      0.6586
      0.6653
      0.6789
      0.6440
      0.6566
      0.6292
      0.6346
      0.7888
      0.9121
      0.9053
      0.9177
      1.1422
      1.3710
      1.7022
      1.5859
      1.2831
      1.0953
      0.9629
      0.9455
      0.9394
      0.7675
      0.7840
      0.6907
      0.7259
      0.7641
      0.6519
      0.6426
      0.6746
      0.6457
      0.6560
      0.6791
      0.6929
      0.7035
      0.7246
      0.7404
      0.7422
      0.7565
      0.8058
      0.7808
      0.7791
      0.7860
      0.7931
      0.8083
      0.7962
      0.7983
      0.7658
      0.7324
      0.7293
      0.7012
      0.6933
      0.6756
      0.6723
      0.6801
      0.6881
      0.6930
      0.6937
      0.6933
      0.7036
      0.6982
      0.8019
      1.1192
      1.3948
      1.1750
      1.3504
      1.1157
      1.0223
      0.8793
      0.8483
      0.8830
      1.0055
      0.9180
      0.9187
      0.8604
      0.9109
      0.8759
      0.8787
      0.8756
      0.8969
      0.9252
      0.9297
      1.0842
      1.2382
      1.2770
      1.3751
      1.6970
      1.6945
      1.8292
      1.8712
      1.6418
      1.5986
      1.5882
      1.4693
      1.4428
      1.2203
      1.2538
      1.3151
      1.2636
      1.3055
      1.2124
      1.2961
      1.1856
      1.1394
      1.1537
      1.1702
      1.2488
      1.3092
      1.3486
      1.4212
      1.4394
      1.5149
      1.5652
      1.5346
      1.4826
      1.4085
      1.3688
      1.3956
      1.3981
      1.4127
      1.2949
      1.3269
      1.2229
      1.2528
      1.2514
      1.1615
      1.1170
      1.1723
      1.1730
      1.2242
      1.3014
      1.4060
      1.5519
      1.5947
      1.6205
      1.7651
      1.7041
      1.7352
      1.7702
      1.6406
      1.6278
      1.6617
      1.6882
      1.7053
      1.6876
      1.5930
      1.5753
      1.6005
      1.5303
      1.4861
      1.5141
      1.4350
      1.4059
      1.4540
      1.5248
      1.5600
      1.5807
      1.5704
      1.5842
      1.5874
      1.5958
      1.4145
      1.3565
      1.4289
      1.4106
      1.5303
      1.4158
      1.2961
      1.4811
      1.4511
      1.3932
      1.3841
      1.3419
      1.3146
      1.2801
      1.2411
      1.1474
      1.2078
      1.1504
      1.2240
      1.3048
      1.4369
      1.4742
      1.4202
      1.4511
      1.4089
      1.4747
      1.4401
      1.3586
      1.3365
      1.3514
      1.2766
      1.2592
      1.2421
      1.1747
      1.1050
      1.0781
      0.9511
      0.8900
      0.8918
      0.9135
      0.7742
      0.6326
      0.5932
      0.5908
      0.5934
      0.5834
      0.5676
      0.5795
      0.6845
      0.7644
      0.7150
      0.8097
      0.7797
      0.7665
      0.7000
      0.7215
      0.6897
      0.6974
      0.6983
      0.6683
      0.6268
      0.6625
      0.6070
      0.6325
      0.6333
      0.6757
      0.6950
      0.7370
      0.8237
      0.8448
      0.8686
      0.9182
      0.8804
      0.8022
      0.7202
      0.6630
      0.6673
      0.6812
      0.6323
      0.6721
      0.6684
      0.6829
      0.6731
      0.6568
      0.5845
      0.6378
      0.5795
      0.5781
      0.6341
      0.6677
      0.7220
      0.7977
      0.9222
      1.0034
      1.1574
      1.2005
      1.1744
      1.1521
      1.0861
      0.9621
      0.9169
      0.9655
      0.9054
      0.8685
      0.8538
      0.8376
      0.8617
      0.8369
      0.7411
      0.7389
      0.6919
      0.7027
      0.6716
      0.6801
      0.7096
      0.8019
      0.8386
      0.8853
      0.8656
      0.8530
      0.8611
      0.8567
      0.8251
      0.7625
      0.7994
      0.7988
      0.8200
      0.8183
      0.8350
      0.8089
      0.7800
      0.8669
      0.7379
      0.7071
      0.7337
      0.7178
      0.7190
      0.7382
      0.7498
      0.7965
      0.8735
      0.8991
      0.8884
      0.9702
      1.0451
      1.0309
      0.9830
      0.9831
      0.9459
      0.9495
      0.9317
      0.9122
      0.9514
      0.8671
      0.8824
      0.8749
      0.8812
      0.9024
      0.7855
      0.7832
      0.7811
      0.7792
      0.7773
      0.7378
      0.7004
      0.7032
      0.7273
      0.7544
      0.8026
      0.8141
      0.8247
      0.7777
      0.7702
      0.7435
      0.7551
      0.7477
      0.7216
      0.7680
      0.6855
      0.6914
      0.6756
      0.6393
      0.6538
      0.6147
      0.6089
      0.5015
      0.6619
      0.6574
      0.6517
      0.6835
      0.7545
      0.7745
      0.8751
      0.8639
      0.8753
      0.8703
      0.8291
      0.8468
      0.8462
      0.8071
      0.8046
      0.7827
      0.7789
      0.7391
      0.7330
      0.7250
      0.7320
      0.7361
      0.7199
      0.7357
      0.7316
      0.7602
      0.8222
      0.8872
      0.9157
      0.9476
      0.9444
      0.9647
      0.9701
      0.9216
      0.8967
      0.8909
      0.8485
      0.8604
      0.8019
      0.8119
      0.7866
      0.7929
      0.7954
      0.7429
      0.7570
      0.6834
      0.6795
      0.6752
      0.6706
      0.6671
      0.6654
      0.7008
      0.7705
      0.7381
      0.7703
      0.7654
      0.7655
      0.7709
      0.7454
      0.7228
      0.7344
      0.7102
      0.7048
      0.7309
      0.7072
      0.6981
      0.6700
      0.2373
      0.8687
      0.5742
      0.6041
      0.5981
      0.6515
      0.6377
      0.6495
      0.6326
      0.6352
      0.6384
      0.6426
      0.6887
      0.6664
      0.6679
      0.6675
      0.6650
      0.6852
      0.6614
      0.6472
      0.6218
      0.6526
      0.6367
      0.6045
      0.5834
      0.5659
      0.5023
      0.5209
      0.5388
      0.5554
      0.5705
      0.6003
      0.5957
      0.6061
      0.6647
      0.6231
      0.6302
      0.6364
      0.6419
      0.6470
      0.6516
      0.5943
      0.6137
      0.5867
      0.5748
      0.5782
      0.5814
      0.5844
      0.5408
      0.4969
      0.4989
      0.5007
      0.5021
      0.5020
      0.5004
      0.4977
      0.5238
      0.5326
      0.5564
      0.5623
      0.6485
      0.5561
      0.5167
      0.4741
      0.4849
      0.4994
      0.4287
      0.4900
      0.5718
      0.6674
      0.6678
      0.6316
      0.5339
      0.5540
      0.3960
      0.5961
      0.5173
      0.5301
      0.5385
      0.5413
      0.5404
      0.6009
      0.6254
      0.6666
      0.5183
      0.4472
      0.4243
      0.4333
      0.3928
      0.3777
      0.3847
      0.3764
      0.3971
      0.4300
      0.4430
      0.4657
      0.4058
      0.4181
      0.4257
      0.4285
      0.4266
      0.4362
      0.4890
      0.5711
      0.5921
      0.6814
      0.6722
      0.6678
      0.6661
      0.6826
      0.6730
      0.6842
      0.6317
      0.6139
      0.6126
      0.6116
      0.5787
      0.5907
      0.5662
      0.5651
      0.5133
      0.4900
      0.4653
      0.4557
      0.4457
      0.4817
      0.5017
      0.4898
      0.4781
      0.4842
      0.4784
      0.5386
      0.5569
      0.5618
      0.5700
      0.5844
      0.7829
      0.7536
      0.7584
      0.7277
      0.6799
      0.6956
      0.6758
      0.6189
      0.6181
      0.6129
      0.5888
      0.5487
      0.5252
      0.5332
      0.5570
      0.5352
      0.5298
      0.5567
      0.5544
      0.5542
      0.3243
      0.7838
      0.5699
      0.5677
      0.5369
      0.5376
      0.5378
      0.5524
      0.5657
      0.5774
      0.5845
      0.5850
      0.5803
      0.5291
      0.4762
      0.4662
      0.4852
      0.4760
      0.4674
      0.4884
      0.4958
      0.5045
      0.5005
      0.4985
      0.4984
      0.5000
      0.5065
      0.5185
      0.5335
      0.5496
      0.5223
      0.5376
      0.5085
      0.5214
      0.5293
      0.5311
      0.5284
      0.3673
      0.6202
      0.5323
      0.4908
      0.5062
      0.5066
      0.5219
      0.5396
      0.5451
      0.5997
      0.6411
      0.6526
      0.7377
      0.8475
      0.7339
      0.6650
      0.6225
      0.6197
      0.6350
      0.6506
      0.6026
      0.6242
      0.6356
      0.5467
