CRPS
      1.9896
      1.8909
      1.7276
      1.6908
      1.5449
      1.5267
      1.5563
      1.5878
      1.9411
      2.4264
      2.9303
      2.9904
      3.6085
      3.7986
      3.6532
      3.3135
      3.2958
      3.2791
      3.0583
      2.9706
      2.9462
      2.6093
      2.9246
      2.5013
      2.4059
      2.2356
      2.2174
      1.9701
      1.8479
      1.6540
      1.8250
      1.6958
      1.9875
      2.4108
      3.1421
      2.9282
      3.6893
      3.5002
      3.1032
      3.3991
      3.1293
      2.9811
      2.8602
      2.6821
      2.7029
      2.5810
      2.4565
      2.5612
      2.2311
      2.0353
      1.9701
      1.6940
      1.5159
      1.5007
      1.5765
      1.6303
      1.9651
      2.5186
      2.9752
      3.2290
      2.9191
      3.4334
      3.3859
      3.2889
      3.3939
      3.3433
      3.3095
      2.7669
      2.3577
      2.4083
      2.1832
      2.0630
      1.7565
      1.7619
      1.7776
      1.7308
      1.7330
      1.8321
      1.7190
      1.9798
      2.3414
      2.6850
      2.7231
      2.8879
      2.7820
      2.6232
      2.6200
      2.5729
      2.7285
      2.8885
      2.9427
      3.0761
      3.2670
      3.3904
      3.3188
      2.3803
      4.3004
      3.4824
      3.1582
      3.9028
      3.2940
      3.3430
      3.2593
      3.2420
      3.2998
      3.6322
      3.6710
      4.0433
      4.3238
      4.2002
      5.3431
      5.1297
      4.8157
      4.7949
      4.6388
      4.5042
      4.2630
      3.7267
      3.5167
      3.6360
      3.5603
      3.5608
      3.6404
      3.4350
      2.6825
      2.3310
      2.2939
      2.7337
      1.9471
      2.1271
      2.3124
      2.4949
      2.6709
      2.7694
      2.8162
      3.0370
      3.2493
      3.5069
      3.9010
      4.5351
      4.7214
      4.7194
      4.8560
      5.1192
      5.3652
      5.1259
      4.9801
      4.6591
      4.3271
      4.4614
      4.9470
      5.0163
      5.4659
      5.7546
      6.7139
      7.8339
      7.9049
      8.1673
      8.2933
      8.2696
      8.0870
      7.8385
      7.3958
      6.7304
      6.5264
      6.1716
      5.3009
      5.1108
      4.9142
      4.2490
      4.0810
      3.6963
      3.6272
      3.2459
      3.1790
      2.9193
      2.9462
      2.7012
      2.8133
      3.1166
      3.0451
      2.8867
      2.9115
      2.6750
      2.3552
      2.4669
      2.3191
      2.0848
      2.1074
      1.7575
      1.7041
      1.7061
      1.6752
      1.8510
      1.6897
      1.7304
      1.6995
      1.7087
      1.7035
      1.6978
      2.1088
      2.4887
      2.9827
      3.1414
      3.1419
      3.1574
      3.3765
      3.3163
      2.9123
      3.0400
      2.5618
      2.6010
      2.0720
      2.0307
      1.8572
      2.0176
      1.9071
      1.7305
      1.6636
      1.6532
      1.6663
      1.6773
      1.6852
      1.7013
      1.7007
      2.2656
      2.2602
      2.4425
      2.2995
      2.6128
      2.6048
      2.7976
      2.8388
      2.5517
      2.8837
      2.5260
      2.6909
      2.4167
      2.2988
      2.0060
      1.9076
      1.7103
      1.7942
      1.7658
      1.8095
      1.9015
      1.9685
      2.0011
      2.0202
      2.0108
      2.8689
      4.7260
      6.1688
      7.1891
      7.3136
      7.1233
      6.9180
      6.9931
      6.2594
      5.8397
      5.6038
      4.9183
      5.0578
      4.3781
      3.7599
      3.8899
      2.8009
      2.5418
      2.1189
      2.1496
      2.3230
      2.6953
      4.7898
      5.7189
      6.8085
      6.9066
      7.2101
      7.2048
      7.2081
      6.5652
      6.4575
      6.3189
      6.2615
      6.1715
      6.2286
      6.3583
      6.1471
      5.8471
      5.7119
      4.9399
      4.2299
      3.6347
      2.8082
      3.3507
      3.6479
      4.3402
      5.0420
      5.6018
      5.8246
      6.1095
      6.2943
      6.5679
      6.1711
      5.7401
      5.4538
      5.5516
      5.6540
      5.8945
      5.7160
      5.7747
      6.0200
      6.4866
      5.7904
      5.5116
      4.8032
      4.1527
      3.8646
      3.4410
      3.3857
      3.8933
      3.9137
      4.4793
      5.1024
      5.6127
      5.8759
      6.9115
      6.3739
      5.6727
      5.2319
      5.0251
      4.9061
      4.8577
      4.8256
      4.6776
      4.8845
      4.2525
      3.9688
      3.6908
      3.3614
      3.4891
      3.6914
      3.9585
      4.1730
      4.4682
      4.5985
      4.8145
      4.8041
      4.8067
      4.9284
      5.7739
      6.5845
      5.6584
      5.1214
      4.7492
      4.6796
      4.5411
      4.4271
      4.2783
      4.1585
      4.0552
      3.9601
      3.9184
      3.8856
      3.8711
      3.9022
      3.9169
      4.0064
      4.1011
      4.1782
      4.2206
      4.3160
      4.3153
      4.2921
      4.2513
      4.2175
      4.1490
      4.0889
      4.0404
      3.9501
      3.8648
      3.7952
      3.7285
      3.6582
      3.6051
      3.5626
      3.5325
      3.5232
      3.5304
      3.5255
      3.5776
      3.6374
      3.7168
      3.8131
      3.8261
      3.8306
      3.8845
      3.9325
      3.9517
      3.9676
      3.9371
      3.9060
      3.8520
      3.7906
      3.7400
      3.6630
      3.6148
      3.5464
      3.5009
      3.4692
      3.4661
      3.4845
      3.5254
      3.6192
      3.7123
      3.8715
      3.9628
      4.1122
      4.2134
      4.2556
      4.2438
      4.2675
      4.3122
      4.3735
      4.4157
      4.4338
      4.4326
      4.2585
      4.1791
      4.0543
      3.9365
      3.8621
      3.8353
      3.7247
      3.6996
      3.7247
      3.7740
      3.8907
      3.9413
      4.0539
      4.2424
      4.3920
      4.6303
      4.7231
      4.8939
      5.1864
      5.6132
      6.3375
      7.0310
      7.3549
      7.7028
      7.5558
      7.3039
      6.8420
      6.5141
      6.0754
      5.6896
      5.4604
      5.2917
      5.3067
      5.5065
      5.8779
      6.1629
      6.3488
      6.5940
      6.7571
      6.1995
      6.3418
      6.6547
      6.7224
      6.7200
      6.6583
      6.4646
      6.3634
      6.4131
      6.5353
      6.5798
      6.5936
   -999.0000
   -999.0000
   -999.0000
   -999.0000
   -999.0000
   -999.0000
   -999.0000
   -999.0000
   -999.0000
   -999.0000
   -999.0000
   -999.0000
   -999.0000
   -999.0000
   -999.0000
   -999.0000
   -999.0000
   -999.0000
   -999.0000
   -999.0000
   -999.0000
   -999.0000
   -999.0000
   -999.0000
   -999.0000
   -999.0000
   -999.0000
   -999.0000
   -999.0000
   -999.0000
   -999.0000
   -999.0000
   -999.0000
   -999.0000
   -999.0000
   -999.0000
   -999.0000
   -999.0000
   -999.0000
   -999.0000
   -999.0000
   -999.0000
   -999.0000
   -999.0000
   -999.0000
   -999.0000
   -999.0000
   -999.0000
   -999.0000
   -999.0000
      8.2329
      8.5307
      7.9691
      7.7203
      7.7568
      7.5272
      7.3111
      7.8846
      8.8862
      8.1878
      9.6096
      9.9889
     10.0896
     10.1704
      9.3041
      9.0973
      8.5022
      7.9590
      7.7016
      7.2791
      6.7827
      6.1936
      5.0008
      4.9296
      3.9702
      3.9708
      3.9909
      4.1037
      4.3241
      4.5894
      4.9295
      5.2490
      5.5037
      5.6647
      5.7161
      5.7537
      5.6823
      5.7766
      5.8430
      5.9750
      6.2373
      6.6249
      7.3049
      7.4542
      7.8334
      8.0849
      7.8578
      7.6941
      7.6352
      6.7005
      6.5000
      6.3209
      6.0618
      5.8398
      5.6531
      5.4200
      5.3326
      5.4321
      5.7437
      6.2368
      6.7575
      6.9734
      7.4826
      7.4693
      6.8341
      6.4478
      6.0604
      5.7645
      5.4774
      5.2123
      4.9667
      4.7480
      4.6388
      4.4277
      4.3212
      4.2326
      4.1310
      4.0731
      4.0044
      3.9287
      4.0554
      5.0669
      6.3867
      7.6669
      8.4852
      8.6799
      8.0493
      8.3612
      7.5033
      7.3675
      7.0147
      6.8522
      6.6360
      6.2828
      6.2982
      6.0385
      4.9513
      5.1857
      4.9177
      4.4110
      3.9316
      3.5667
      3.5723
      3.7085
      3.7912
      4.1767
      4.6418
      5.2898
      5.7623
      6.2286
      5.8374
      4.9329
      5.5641
      6.3284
      5.3113
      5.8598
      6.0200
      6.3020
      5.9843
      5.6529
      5.3401
      5.0618
      4.8272
      4.7021
      4.5421
      4.4161
      4.3189
      4.2031
      4.1245
      4.0452
      4.0470
      4.6303
      5.4807
      5.6730
      6.6946
      6.3394
      6.5436
      6.4118
      5.9757
      5.6598
      5.7088
      5.3950
      5.0953
      4.9550
      4.3548
      4.3846
      4.1715
      3.8207
      3.7525
      3.3959
      3.3946
      3.7357
      3.8696
      4.9870
      5.8271
      6.3836
      6.9512
      7.1571
      7.4291
      9.0955
      9.7498
      8.4650
      8.1097
      7.6562
      7.2671
      7.1197
      6.7150
      6.2860
      5.8877
      5.6821
      5.1466
      4.8169
      4.5389
      4.0484
      3.9569
      3.8813
      3.6544
      3.7717
      5.1167
      5.4919
      5.8036
      6.6051
      9.9402
     12.2715
     12.4587
     11.5899
     10.9698
     10.3729
      9.4109
      8.6402
      8.4177
      7.9169
      7.3007
      7.2467
      6.9767
      6.5854
      6.3402
      5.8140
      5.8709
      5.8107
      5.6609
      5.9231
      6.7246
      6.8296
      6.9682
      6.8254
      6.3017
      6.6674
      7.0495
      5.9738
      4.7314
      3.9618
      3.9954
      4.7396
      5.7445
      6.2782
      6.8756
      7.2462
      7.3498
      7.3507
      7.1112
      6.3926
      5.7768
      5.1737
      4.6312
      4.3384
      4.0561
      3.8931
      3.7506
      3.6400
      3.5012
      3.8858
      3.8283
      3.8177
      3.9587
      3.9810
      3.9696
      3.9453
      3.9123
      3.8968
      3.8500
      4.0378
      3.7912
      3.6666
      3.5052
      3.5048
      3.5807
      3.8116
      4.2018
      4.2333
      4.4082
      4.7314
      4.2841
      4.3039
      5.0681
      5.3667
      5.4362
      5.2701
      5.1207
      5.2435
      5.2159
      5.1114
      5.1587
      5.2723
      4.8437
      4.9019
      4.6942
      4.3751
      4.4052
      4.2477
      4.2169
      4.0828
      4.3199
      4.9168
      5.3380
      6.1122
      6.9527
      7.3199
      7.7279
      7.4021
      7.3006
      6.9854
      6.4449
      6.2744
      5.9953
      6.0919
      5.8342
      5.9170
      5.6640
      5.7589
      5.4698
      5.3167
      5.3007
      5.2503
      5.2551
      5.4039
      5.8464
      6.6677
      8.0486
      9.1925
      9.9211
     10.3376
     10.2792
     10.1038
      9.6426
      9.1509
      8.7007
      8.3613
      8.1168
      7.6111
      7.3571
      7.0353
      6.7462
      6.5629
      6.3559
      6.1020
      6.0405
      5.8612
      5.8335
      5.8600
      6.2099
      6.8998
      7.8127
      8.7530
      9.5454
      9.9367
      9.7562
      9.7027
      9.1743
      8.8613
      8.6677
      8.1450
      7.8020
      7.7169
      3.6956
      6.1339
      6.9060
      6.9068
      6.5618
      6.5719
      6.1253
      6.0088
      6.1420
      6.5203
      6.8736
      7.7455
      9.0057
     10.2132
     10.9168
     11.1170
     11.2487
     10.9676
     10.6248
     10.2180
      9.9146
      9.7074
      9.4155
      9.1224
      8.8236
      8.7935
      8.5928
      8.2472
      8.2305
      8.2854
      8.1758
      8.1351
      8.4835
      8.9333
      9.0422
     10.3148
     11.3747
     12.2632
     12.8092
     12.9279
     13.0543
     12.5833
     12.2986
     11.7674
     11.8546
     10.2330
     10.5711
     10.0706
      9.7792
      9.8555
      8.9544
      8.6718
      8.7766
      8.2401
      8.0953
      7.8639
      7.7019
      7.7652
      8.0561
      8.1136
      8.9138
      8.9846
      9.3614
      9.4409
      9.4575
      9.2603
      9.1596
      9.1546
      8.8073
      8.8157
      8.7609
      8.5518
      8.3383
      8.0861
      8.0198
      6.2945
      6.4485
      6.0265
      5.4676
      5.4595
      5.4463
      6.1343
      6.8408
      8.4357
      8.8870
      9.2664
     10.0193
     10.1068
     10.2724
     10.1383
      9.9505
      9.9375
     10.0170
      9.5850
      9.5229
      9.6916
      9.3934
      9.2380
      7.9656
      8.1842
      7.2927
      6.5692
      6.1289
      6.0678
      6.0974
      6.4219
      7.1814
      8.4740
      8.0540
      8.4539
      8.9622
      8.9443
      8.5758
      8.6034
      8.5464
      8.3095
      8.4460
      8.4177
      8.3693
      8.0839
      8.1092
      7.1599
      6.1492
      6.0112
      5.8562
      5.1445
      4.9260
      4.5169
      4.3001
      3.7365
      3.8924
      5.6082
      5.2812
      7.2077
      6.2272
      6.2492
      6.2871
      6.6316
      6.4106
      6.2440
      5.8382
      5.4454
      5.2886
      5.0691
      4.8431
      4.4990
      4.3504
      3.9116
      3.8218
      3.4431
      2.9315
      3.0622
      3.8703
      2.4670
      3.8338
      4.8059
      3.9372
      3.5413
      2.9844
      3.1775
      3.3665
      3.7915
      3.6612
      3.6519
      3.6467
      3.6057
      3.5320
      3.4363
      3.5230
      3.2905
      2.8906
      2.9779
      2.6041
      2.4745
      2.1053
      1.8413
      1.7051
      1.6916
      1.6396
      1.6640
      1.6563
      1.9139
      1.9590
      2.2113
      2.2730
      2.7316
      2.6463
      2.6176
      2.7145
      2.4007
      2.3648
      2.4913
      2.1592
      1.9938
      1.6084
      1.6707
      1.6981
      1.5722
      1.5688
      1.5712
      1.5920
      1.5837
      1.6119
      1.5945
      1.5898
      1.9308
      2.4683
      3.1148
      3.4628
      3.8277
      3.6047
      3.7504
      3.3928
      3.0472
      2.9861
      2.7705
      2.5220
      1.9820
      2.3844
      2.2908
      1.9346
      1.7553
      1.5745
      1.4918
      1.5034
      1.5150
      1.5287
      1.5485
      1.5782
      1.6275
      1.6626
      1.6702
      1.6707
      1.6808
      1.7680
      1.8993
      1.9224
      1.8145
      1.8433
      1.9916
      2.0710
      1.9607
      1.8265
      1.7273
      1.4534
      1.6201
      1.4499
      1.4307
      1.4344
      1.4419
      1.4893
      1.4607
      1.4365
      1.5564
      2.0290
      2.0905
      2.4592
      2.7745
      2.5111
      2.7798
      2.7280
      2.6954
      2.6592
      2.6171
      2.3940
      2.2956
      2.1463
      2.1265
      1.8612
      1.8239
      1.6664
      1.4278
      1.3109
      1.3300
      1.3344
      1.3396
      1.3391
      1.3368
      1.3337
      1.3245
      1.3193
      1.3091
      1.3022
      1.2953
      1.2881
      1.2811
      1.3355
      1.2665
      1.2444
      1.2547
      1.2527
      1.2503
      1.2580
      1.2649
      1.2753
      1.2788
      1.2915
      1.3068
      1.3365
      1.3147
      1.3066
      1.3088
      1.2997
      1.2904
      1.2801
      1.2671
      1.2576
      1.2912
      1.3133
      1.3353
      1.2957
      1.2421
      1.3807
      1.2669
   -999.0000
   -999.0000
   -999.0000
   -999.0000
   -999.0000
   -999.0000
   -999.0000
   -999.0000
      1.8192
      1.1862
      1.1853
      1.1856
      1.1863
      1.1865
      1.2390
      1.4175
      1.3995
      1.4811
      1.3852
      1.4032
      1.3932
      1.4802
      1.3479
      1.2706
      1.2693
      1.1274
      1.1224
      1.1297
      1.1314
      1.1270
      1.1361
      1.1513
      1.1534
      1.1559
      1.1575
      1.1524
      1.1502
      1.1494
      1.1515
      1.1468
      1.1435
      1.1329
      1.1310
      1.1308
      1.1444
      1.1982
      1.1448
      1.1932
      1.0853
      1.0811
      1.0787
      1.0852
      1.0813
      1.0811
      1.0927
      1.0987
      1.1043
      1.1078
      1.1100
      1.1097
      1.1096
      1.1108
      1.1127
      1.1080
      1.1089
      1.1441
      1.2395
      1.1147
      1.1460
      1.1067
      1.1165
      1.1278
      1.1363
      1.1319
      1.1263
      1.1487
      1.1065
      1.0952
      1.0843
      1.0783
      1.0653
      1.0554
      1.0484
      1.0417
      1.0371
      1.1046
      1.0300
      1.0692
      1.0624
      1.1074
      1.0987
      1.1212
      1.1403
      1.1565
      1.0245
      0.9905
      0.9950
      0.9936
      0.9937
      0.9933
      0.9934
      0.9964
      1.0058
      1.0135
      1.0159
      1.0080
      1.0079
      1.0168
      1.0374
      1.0512
      1.0731
      1.0696
      1.0690
      1.0639
      1.0621
      1.0751
      1.1000
      1.1369
      1.1546
      1.1627
      1.1613
      1.1443
      1.1314
      1.1242
      1.1183
      1.0956
      1.0841
      1.0672
      1.0685
      1.0649
      1.0556
      1.0693
      1.1122
      1.1757
      1.2169
      1.2639
      1.2963
      1.2956
      1.2668
      1.2323
      1.1840
      1.1866
      1.1390
      1.0997
      1.0752
      1.0557
      1.0516
      1.0384
      1.0478
      1.0552
      1.0567
      1.0701
      1.0754
      1.0929
      1.0992
      1.0845
      1.0893
      1.0763
      1.0668
      1.0618
      1.0560
      1.0505
      1.0417
      1.0194
      1.0237
      1.0145
      1.0059
      0.9880
      0.9954
      0.9934
      1.0000
      1.0075
      1.0177
      1.0300
      1.0358
      1.0603
      1.0902
      1.0735
      1.0911
      1.0862
      1.0724
      1.0925
      1.0771
      1.0820
      1.0794
      1.0668
      1.0521
      1.0489
      1.0503
      1.1364
      1.1792
      1.1331
      1.1129
      1.0929
      0.9983
      0.9990
      0.9853
      0.9681
      0.9730
      0.9827
      0.9866
      1.0007
      0.9978
      1.0002
      1.0016
      1.0018
      1.0006
      1.0035
      1.0138
      0.9857
      0.9669
      0.9577
      0.9472
      0.9353
      0.9667
      0.9244
      0.9192
      0.9227
      0.9398
      0.9503
      0.9846
      1.0024
      1.0688
      1.0582
      1.0335
      1.0536
      1.0297
      1.0209
      1.0500
      1.0251
      0.9859
      0.9773
      0.9630
      0.9534
      0.9455
      0.9364
      0.9246
      0.9151
      0.9052
      0.8916
      0.9085
      0.8908
      0.9119
      0.9503
      0.9544
      0.9234
      0.9376
      1.0140
      1.0378
      1.0304
      1.0097
      0.9921
      1.0009
      1.4209
      1.1755
      1.2656
      1.2743
      1.2575
      1.2414
      1.2447
      1.2184
      1.1691
      1.1156
      1.0716
      1.0426
