CRPS
      0.5662
      0.5593
      0.5359
      0.5266
      0.5782
      0.6145
      0.6702
      0.7138
      0.7612
      0.7639
      0.7559
      0.7538
      0.7565
      0.7205
      0.7143
      0.7462
      0.7138
      0.6982
      0.7300
      0.6974
      0.6928
      0.7086
      0.6941
      0.6995
      0.6824
      0.6605
      0.6351
      0.6693
      0.6877
      0.7571
      0.8121
      0.8254
      0.8426
      0.8672
      0.8629
      0.8639
      0.8515
      0.8147
      0.8075
      0.8410
      0.8274
      0.8297
      0.8636
      0.8937
      0.8868
      0.8205
      0.8204
      0.8104
      0.7950
      0.7761
      0.7549
      0.7498
      0.8222
      0.8805
      0.7982
      0.7496
      0.7214
      0.7068
      0.7097
      0.7272
      0.6849
      0.7097
      0.7142
      0.7609
      0.8086
      0.7719
      0.8139
      0.8163
      0.8476
      0.7833
      0.7835
      0.7716
      0.7362
      0.5609
      0.7482
      0.6728
      0.6893
      0.7317
      1.3003
      1.2059
      1.2811
      1.1534
      1.0401
      0.9760
      0.9718
      0.9544
      0.9761
      0.9635
      0.9490
      0.9837
      0.9339
      0.9611
      0.9842
      0.8815
      0.8813
      0.8278
      0.7868
      0.7591
      0.7451
      0.7179
      0.7295
      0.7013
      0.7313
      0.6587
      0.3774
      0.4153
      0.5183
      0.7176
      0.6702
      0.7908
      0.9228
      1.0263
      0.9301
      0.8154
      0.6658
      0.5484
      0.4670
      0.3994
      0.3554
      0.3225
      0.3219
      0.3118
      0.4260
      0.4495
      0.4343
      0.4651
      0.3766
      0.3374
      0.3437
      0.3446
      0.3380
      0.3323
      0.3245
      0.3163
      0.3079
      0.3293
      0.3866
      0.4403
      0.4393
      0.4506
      0.4883
      0.4842
      0.4717
      0.4845
      0.4429
      0.4463
      0.4446
      0.4379
      0.4273
      0.4309
      0.4672
      0.4380
      0.4912
      0.4450
      0.4193
      0.3063
      0.3835
      0.3672
      0.3658
      0.3704
      0.3313
      0.3384
      0.3448
      0.3649
      0.3373
      0.3168
      0.3156
      0.3069
      0.2940
      0.2783
      0.2628
      0.2491
      0.2446
      0.2506
      0.2528
      0.2629
      0.9640
      0.6591
      0.4230
      0.3789
      0.4453
      0.3960
      0.3978
      0.3604
      0.3858
      0.3955
      0.4190
      0.4499
      0.3688
      0.3519
      0.2548
      0.3393
      0.4455
      0.2800
      0.2864
      0.3067
      0.2781
      0.2774
      0.2750
      0.2719
      0.2696
      0.2438
      0.2585
      0.2641
      0.2724
      0.2352
      0.2597
      0.2649
      0.2709
      0.2272
      0.4152
      0.3267
      0.3287
      0.3525
      0.3552
      0.2713
      0.2778
      0.2558
      0.2464
      0.2502
      0.2403
      0.2451
      0.2904
      0.2433
      0.2771
      0.2721
      0.2545
      0.2641
      0.2626
      0.2667
      0.2650
      0.2345
      0.3404
      0.2712
      0.2895
      0.2558
      0.2536
      0.2487
      0.2451
      0.2781
      0.2660
      0.2527
      0.2376
      0.2505
      0.2617
      0.2649
      0.3647
      0.3652
      0.4197
      0.4178
      0.4035
      0.4058
      0.4230
      0.4110
      0.2308
      0.6688
      0.4046
      0.4194
      0.4328
      0.4449
      0.4556
      0.4367
      0.3999
      0.3868
      0.3860
      0.3845
      0.3814
      0.3633
      0.3172
      0.2991
      0.3229
      0.2940
      0.2797
      0.2803
      0.2823
      0.2851
      0.2889
      0.2955
      0.2774
      0.2606
      0.2842
      0.2673
      0.2630
      0.2712
      0.2784
      0.2824
      0.2567
      0.2025
      0.1963
      0.1893
      0.1910
      0.1934
      0.1968
      0.1964
      0.2020
      0.2047
      0.2072
      0.2103
      0.2122
      0.2122
      0.2105
      0.2090
      0.2058
      0.2022
      0.1992
      0.1969
      0.1934
      0.1911
      0.1905
      0.1992
      0.1891
      0.1870
      0.1902
      0.1904
      0.1969
      0.2011
      0.2055
      0.2054
      0.2070
      0.2103
      0.2138
      0.2175
      0.2182
      0.2160
      0.2212
      0.2203
      0.2180
      0.2060
      0.1977
      0.1935
      0.1910
      0.1890
      0.1865
      0.1844
      0.1843
      0.1851
      0.1869
      0.1878
      0.1940
      0.2006
      0.2085
      0.2131
      0.3442
      0.3224
      0.2688
      0.2746
      0.3368
      0.3178
      0.5890
      0.5217
      0.2758
      0.2711
      0.2807
      0.3224
      0.4128
      0.4315
      0.3771
      0.2880
      0.2577
      0.2498
      0.2732
      0.2842
      0.2477
      0.5041
      0.2889
      0.2894
      0.3580
      0.6057
      0.6638
      1.0353
      0.6735
      0.5266
      0.4890
      0.4111
      0.4104
      0.4509
      0.4397
      0.4944
      0.3232
      0.6280
      0.5499
      0.5223
      0.4857
      0.4689
      0.4752
      0.4759
      0.4571
      0.4519
      0.3693
      0.4261
      0.3915
      0.3572
      0.3532
      0.3502
      0.3487
      0.3489
      0.3361
      0.3295
      0.3159
      0.3062
      0.3275
      0.3487
      0.2424
      0.4024
      0.3913
      0.4014
      0.3610
      0.3665
      0.3940
      0.3112
      0.3213
      0.2775
      0.2749
      0.2863
      0.2976
      0.2819
      0.2689
      0.2601
      0.2421
      0.2396
      0.2515
      0.2460
      0.2365
      0.2437
      0.2535
      0.2770
      0.2854
      0.3050
      0.3232
      0.3329
      0.3183
      0.3247
      0.3152
      0.3046
      0.2805
      0.2839
      0.2756
      0.2689
      0.2632
      0.2587
      0.2540
      0.2495
      0.2459
      0.2430
      0.2412
      0.2469
      0.2614
      0.2720
      0.2804
      0.2955
      0.3140
      0.3202
      0.2725
      0.2855
      0.2886
      0.2855
      0.2922
      0.2714
      0.2644
      0.2591
      0.2546
      0.2507
      0.2479
      0.2449
      0.2953
      0.2518
      0.2628
      0.2874
      0.2992
      0.2501
      0.2497
      0.2677
      0.2874
      0.3072
      0.3258
      0.3428
      0.3581
      0.3529
      0.3118
      0.3194
