2019-07-23 07  23     0.0000     0.0000     0.0000     0.0000     0.0000     0.0000     0.0000     0.0000     0.0000     0.0000     0.0000     0.0000     0.0000     0.0000     0.0000 22243.4922 20601.5410 19509.7832 18424.3066 17358.7012 16097.1289 15020.3604 14074.6484 12567.7363 11758.4961 10956.4678 10158.8076  1613.2792  1391.2269  1271.3671  1156.1896  1009.8684   904.7126   801.5615     0.0000     0.0000     0.0000     0.0000     0.0000     0.0000
2019-07-23 07  22     0.0000     0.0000     0.0000     0.0000     0.0000     0.0000     0.0000     0.0000     0.0000     0.0000     0.0000     0.0000     0.0000     0.0000     0.0000 22243.4922 20601.5410 19509.7832 18424.3066 17358.7012 16097.1289 15020.3604 14074.6484 13140.0020 11787.7246 10976.1797 10158.8076  1613.2792  1391.2269  1271.3671  1156.1896  1009.8684   904.7126   801.5615     0.0000     0.0000     0.0000     0.0000     0.0000     0.0000
2019-07-23 07  21     0.0000     0.0000     0.0000     0.0000     0.0000     0.0000     0.0000     0.0000     0.0000     0.0000     0.0000     0.0000     0.0000 24637.3184 23435.4492 22243.4922 20601.5410 19509.7832 18424.3066 17358.7012 16097.1289 14211.5586 13386.2637 12567.7363 11758.4961 10956.4678 10158.8076     0.0000     0.0000     0.0000     0.0000     0.0000     0.0000     0.0000     0.0000     0.0000     0.0000     0.0000     0.0000     0.0000
2019-07-23 07  20     0.0000     0.0000     0.0000     0.0000     0.0000     0.0000     0.0000     0.0000     0.0000     0.0000     0.0000     0.0000     0.0000 24637.3184 23435.4492 22243.4922 20940.5898 19510.5137 18424.3066 17358.7012 16097.1289 15020.3604 14074.6484 13140.0020 11787.7246 10977.1143 10158.8076  1613.2792  1391.2269  1271.3671     0.0000     0.0000     0.0000     0.0000     0.0000     0.0000     0.0000     0.0000     0.0000     0.0000
2019-07-23 07  15     0.0000     0.0000     0.0000     0.0000     0.0000     0.0000     0.0000     0.0000     0.0000 29504.4902 28284.7168 27066.5391 25849.6309 24637.3184 23435.4492 22243.4922 20601.5410 19509.7832 18424.3066 17358.7012 16097.1289 15020.3604 14074.6484 12567.7363 11758.4961 10956.4678 10158.8076  1613.2792  1391.2269     0.0000     0.0000     0.0000     0.0000     0.0000     0.0000     0.0000     0.0000     0.0000     0.0000     0.0000
2019-07-23 07  19     0.0000     0.0000     0.0000     0.0000     0.0000     0.0000     0.0000     0.0000     0.0000     0.0000     0.0000     0.0000     0.0000     0.0000     0.0000     0.0000     0.0000     0.0000 18424.3066 17358.7012 16097.1289 15020.3604 14074.6484 13140.0020 11787.7246 10977.1143 10158.8076  1613.2792  1391.2269  1271.3671  1156.1896  1009.8684   904.7126   801.5615   701.2311     0.0000     0.0000     0.0000     0.0000     0.0000
2019-07-23 07  18     0.0000     0.0000     0.0000     0.0000     0.0000     0.0000     0.0000     0.0000     0.0000     0.0000     0.0000     0.0000     0.0000     0.0000     0.0000 22243.4922 20601.5410 19509.7832 18424.3066 17358.7012 16097.1289 15020.3604 13386.2637 12567.7363 11758.4961 10956.4678 10158.8076  1613.2792  1391.2269  1271.3671  1156.1896  1009.8684   904.7126   801.5615   701.2311     0.0000     0.0000     0.0000     0.0000     0.0000
2019-07-23 07  17     0.0000     0.0000     0.0000     0.0000     0.0000     0.0000     0.0000     0.0000     0.0000     0.0000     0.0000     0.0000     0.0000     0.0000 23435.4492 22243.4922 20601.5410 19509.7832 18424.3066 17358.7012 16097.1289 14211.5586 13386.2637 12567.7363 11758.4961 10956.4678 10158.8076  1613.2792  1391.2269     0.0000     0.0000     0.0000     0.0000     0.0000     0.0000     0.0000     0.0000     0.0000     0.0000     0.0000
2019-07-23 07  16     0.0000     0.0000     0.0000     0.0000     0.0000     0.0000     0.0000     0.0000     0.0000 29504.4902 28284.7168 27066.5391 25849.6309 24637.3184 23435.4492 22243.4922 20601.5410 19509.7832 18424.3066 17358.7012 16097.1289 14211.5586 13386.2637 12567.7363 11758.4961 10956.4678 10158.8076  1613.2792  1391.2269  1271.3671  1156.1896  1009.8684     0.0000     0.0000     0.0000     0.0000     0.0000     0.0000     0.0000     0.0000
2019-07-23 07  13     0.0000     0.0000     0.0000     0.0000     0.0000     0.0000     0.0000 46258.2070 43896.1797 41553.5430 36171.2656 34238.4375 30385.4668 27707.2168 26169.5938 24650.3535 20940.5898 19510.5137 18424.3066 17358.7012 16097.1289 15020.3604 14074.6484 13140.0020 11788.9570     0.0000     0.0000     0.0000     0.0000     0.0000     0.0000     0.0000     0.0000     0.0000     0.0000     0.0000     0.0000     0.0000     0.0000     0.0000
2019-07-23 07  12     0.0000     0.0000     0.0000     0.0000     0.0000     0.0000     0.0000 46258.2070 43896.1797 41553.5430 36561.2578 34238.4375 30385.4668 27707.2168 26169.5938 24650.3535 20940.5898 19510.5137 18424.3066 17358.7012 16097.1289 15020.3604 14074.6484 13140.0020 11788.9570 10977.1143 10158.8076  1613.3387     0.0000     0.0000     0.0000     0.0000     0.0000     0.0000     0.0000     0.0000     0.0000     0.0000     0.0000     0.0000
2019-07-23 07  11     0.0000     0.0000     0.0000     0.0000     0.0000     0.0000 48924.3711 46258.2070 43896.1797 41553.5430 36171.2656 34238.4375 30385.4668 27707.2168 26169.5938 24650.3535 20940.5898 19510.5137 18424.3066 17358.7012 16097.1289 15020.3604 14074.6484 13140.0020 11788.9570 10977.1143 10158.8076  9363.9258     0.0000     0.0000     0.0000     0.0000     0.0000     0.0000     0.0000     0.0000     0.0000     0.0000     0.0000     0.0000
2019-07-23 07  10     0.0000     0.0000     0.0000     0.0000     0.0000     0.0000     0.0000     0.0000     0.0000     0.0000     0.0000     0.0000     0.0000 27707.2168 26169.5938 24650.3535 20940.5898 19510.8535 18424.3066 17358.7012 16097.1289 15020.3604 14074.6484 13140.0020 11788.9570 10977.1143 10158.8076  9363.9258     0.0000     0.0000     0.0000     0.0000     0.0000     0.0000     0.0000     0.0000     0.0000     0.0000     0.0000     0.0000
2019-07-23 07   9     0.0000     0.0000     0.0000     0.0000     0.0000     0.0000 48924.3711 46258.2070 43896.1797 41553.5430 36561.2578 34238.4375 30385.4668 27707.2168 26169.5938 24650.3535 20940.5898 19510.5137 18424.3066 17358.7012 16097.1289 15020.3604 14074.6484 13140.0020 11788.9570 10977.1143 10158.8076  9363.9258     0.0000     0.0000     0.0000     0.0000     0.0000     0.0000     0.0000     0.0000     0.0000     0.0000     0.0000     0.0000
2019-07-23 07   8     0.0000     0.0000     0.0000     0.0000     0.0000 51360.3047 48924.3711 46258.2070 43896.1797 41553.5430 36171.2656 34238.4375 30385.4668 27707.2168 26169.5938 24650.3535 20940.5898 19510.5137 18424.3066 17358.7012 16097.1289 15020.3604 14074.6484 13140.0020     0.0000     0.0000     0.0000     0.0000     0.0000     0.0000     0.0000     0.0000     0.0000     0.0000     0.0000     0.0000     0.0000     0.0000     0.0000     0.0000
2019-07-23 07   7     0.0000     0.0000     0.0000     0.0000     0.0000 51360.7031 48924.4883 46258.2070 43896.1797 41553.5430 36561.2578 34238.4375 30385.4668 27707.2168 26169.5938 24650.3535 20940.5898 19510.8535 18424.3066 17358.7012 16097.1289 15020.3604 14074.6484 13140.0020 11788.9570 10977.1143 10158.8076  9363.9258     0.0000     0.0000     0.0000     0.0000     0.0000     0.0000     0.0000     0.0000     0.0000     0.0000     0.0000     0.0000
2019-07-23 07   6     0.0000     0.0000     0.0000     0.0000     0.0000 51360.3047 48924.3711 46258.2070 43896.1797 41553.5430 36171.2656 34238.4375 30385.4668 27707.2168 26169.5938 24650.3535 20940.5898 19510.5137 18424.3066 17358.7012 16097.1289 15020.3604 14074.6484 13140.0020 11788.9570 10977.1143 10158.8076  9363.9258     0.0000     0.0000     0.0000     0.0000     0.0000     0.0000     0.0000     0.0000     0.0000     0.0000     0.0000     0.0000
2019-07-23 07  14     0.0000     0.0000     0.0000     0.0000     0.0000 51360.7031 48924.4883 46258.2070 43891.2969 29504.4902 28284.7168 27066.5391 25849.6309 24637.3184 23435.4492 22243.4922 20940.5898 19509.9141 18424.3066 17358.7012 16097.1289 15020.3604 14074.6484 13140.0020 11787.7246 10977.1143 10158.8076  1613.2792  1391.2269     0.0000     0.0000     0.0000     0.0000     0.0000     0.0000     0.0000     0.0000     0.0000     0.0000     0.0000
2019-07-23 07   5     0.0000     0.0000     0.0000     0.0000 53809.0859 51360.3047 48924.3711 46258.2070 43896.1797 41553.5430 36171.2656 34238.4375 30385.4668 27707.2168 26169.5938 24650.3535 20940.5898 19510.5137 18424.3066 17358.7012 16097.1289 15020.3604 14074.6484 13140.0020 11788.9570 10977.1143 10158.8076  9363.9258     0.0000     0.0000     0.0000     0.0000     0.0000     0.0000     0.0000     0.0000     0.0000     0.0000     0.0000     0.0000
2019-07-23 07   3     0.0000     0.0000     0.0000     0.0000 53809.7812 51360.7031 48924.4883 46258.2070 43896.1797 29504.4902 28284.7168 27066.5391 25849.6309 24637.3184 23435.4492 22243.4922 20600.2852 19509.7500 18424.3066 17358.7012 16097.1289 15020.7881 14075.3008 13140.0859 11788.9570 10956.4678     0.0000     0.0000     0.0000     0.0000     0.0000     0.0000     0.0000     0.0000     0.0000     0.0000     0.0000     0.0000     0.0000     0.0000
2019-07-23 07   2     0.0000     0.0000     0.0000     0.0000 53809.7812 51360.7031 48924.4883 46258.2070 43896.1797 41553.5430 28284.7168 27066.5391 25849.6309 24637.3184 23435.4492 22243.4922 20940.5898 19510.5137 18424.3066 17358.7012 16097.1289 15020.7881 14075.3008 13140.0859 11788.9570 10977.1143 10158.8076     0.0000     0.0000     0.0000     0.0000     0.0000     0.0000     0.0000     0.0000     0.0000     0.0000     0.0000     0.0000     0.0000
2019-07-23 07   4     0.0000     0.0000     0.0000 56278.0898 53809.7812 51360.7031 48924.4883 46481.9258 43896.1797 29504.4902 28284.7168 27066.5391 25849.6309 24637.3184 23435.4492 22243.4922 20600.2852 19509.7500 18424.3066 17358.7012 16097.1289 15020.7881 14075.3008 13140.0859 11758.4961 10956.4678 10158.8076  9363.9258  1387.0897  1271.3671     0.0000     0.0000     0.0000     0.0000     0.0000     0.0000     0.0000     0.0000     0.0000     0.0000
2019-07-23 07   1     0.0000     0.0000     0.0000 56278.0898 53809.7812 51360.7031 48924.4883 46258.2070 43896.1797 29504.4902 28284.6328 27066.5391 25849.6309 24637.3184 23435.4492 22243.4922 20600.2852 19509.7500 18424.3066 17358.7012 16097.1289 15020.7881 14075.3008 13140.0859 11758.4961 10956.4678     0.0000     0.0000     0.0000     0.0000     0.0000     0.0000     0.0000     0.0000     0.0000     0.0000     0.0000     0.0000     0.0000     0.0000
