CRPS
      0.5450
      0.5398
      0.5609
      0.5717
      0.5494
      0.7112
      0.7379
      0.7344
      0.7333
      0.7341
      0.7367
      0.7412
      0.7472
      0.7249
      0.7107
      0.6837
      0.7067
      0.6828
      0.6573
      0.6762
      0.6932
      0.6570
      0.6111
      0.6039
      0.5918
      0.5765
      0.5587
      0.5393
      0.5346
      0.5918
      0.6191
      0.6483
      0.6339
      0.6726
      0.6982
      0.6958
      0.6801
      0.6730
      0.6427
      0.6674
      0.6477
      0.6277
      0.6527
      0.5227
      0.7132
      0.6152
      0.6120
      0.5990
