2019-05-22 07  23     0.0000     0.0000     0.0000     0.0000     0.0000     0.0000     0.0000     0.0000     0.0000     0.0000     0.0000     0.0000     0.0000     0.0000     0.0000  1677.6495   973.9967   820.5512   673.3509   546.0638   222.7805    82.7430    66.7815    52.5605    38.5081    27.0637    18.8359    11.9476     6.0128     2.2444     0.7942     0.0334     0.0000     0.0000     0.0000     0.0000     0.0000     0.0000     0.0000     0.0000
2019-05-22 07  22     0.0000     0.0000     0.0000     0.0000     0.0000     0.0000     0.0000     0.0000     0.0000     0.0000     0.0000     0.0000     0.0000     0.0000     0.0000  1677.6495   973.9967   820.5512   673.3509   546.0638   222.7805    82.7430    66.7815    52.5605    38.5081    27.0637    18.8359    11.9476     6.0128     2.2444     0.7942     0.0334     0.0000     0.0000     0.0000     0.0000     0.0000     0.0000     0.0000     0.0000
2019-05-22 07  21     0.0000     0.0000     0.0000     0.0000     0.0000     0.0000     0.0000     0.0000     0.0000     0.0000     0.0000     0.0000     0.0000  2194.8931  1931.3125  1677.6495   973.9967   820.5512   673.3509   546.0638   222.7805    82.1767    66.7815    52.5605    38.5081    27.0637    18.8359     0.0000     0.0000     0.0000     0.0000     0.0000     0.0000     0.0000     0.0000     0.0000     0.0000     0.0000     0.0000     0.0000
2019-05-22 07  20     0.0000     0.0000     0.0000     0.0000     0.0000     0.0000     0.0000     0.0000     0.0000     0.0000     0.0000     0.0000     0.0000  2194.8931  1931.3125  1677.6495  1313.0457   821.2817   673.3509   546.0638   222.7805    82.7430    66.7815    52.5605    38.5081    27.0637    18.8359    11.9476     6.0128     2.2444     0.0000     0.0000     0.0000     0.0000     0.0000     0.0000     0.0000     0.0000     0.0000     0.0000
2019-05-22 07  15     0.0000     0.0000     0.0000     0.0000     0.0000     0.0000     0.0000     0.0000     0.0000  3308.8962  3027.4014  2747.5549  2468.9268  2194.8931  1931.3125  1677.6495   973.9967   820.5512   673.3509   546.0638   222.7805    82.7430    66.7815    52.5605    38.5081    27.0637    18.8359    11.9476     6.0128     0.0000     0.0000     0.0000     0.0000     0.0000     0.0000     0.0000     0.0000     0.0000     0.0000     0.0000
2019-05-22 07  19     0.0000     0.0000     0.0000     0.0000     0.0000     0.0000     0.0000     0.0000     0.0000     0.0000     0.0000     0.0000     0.0000     0.0000     0.0000     0.0000     0.0000     0.0000   673.3509   546.0638   222.7805    82.7430    66.7815    52.5605    38.5081    27.0637    18.8359    11.9476     6.0128     2.2444     0.7942     0.0334     0.0000     0.0000     0.0000     0.0000     0.0000     0.0000     0.0000     0.0000
2019-05-22 07  18     0.0000     0.0000     0.0000     0.0000     0.0000     0.0000     0.0000     0.0000     0.0000     0.0000     0.0000     0.0000     0.0000     0.0000     0.0000  1677.6495   973.9967   820.5512   673.3509   546.0638   222.7805    82.7430    66.7815    52.5605    38.5081    27.0637    18.8359    11.9476     6.0128     2.2444     0.7942     0.0334     0.0000     0.0000     0.0000     0.0000     0.0000     0.0000     0.0000     0.0000
2019-05-22 07  17     0.0000     0.0000     0.0000     0.0000     0.0000     0.0000     0.0000     0.0000     0.0000     0.0000     0.0000     0.0000     0.0000     0.0000  1931.3125  1677.6495   973.9967   820.5512   673.3509   546.0638   222.7805    82.1767    66.7815    52.5605    38.5081    27.0637    18.8359    11.9476     6.0128     0.0000     0.0000     0.0000     0.0000     0.0000     0.0000     0.0000     0.0000     0.0000     0.0000     0.0000
2019-05-22 07  16     0.0000     0.0000     0.0000     0.0000     0.0000     0.0000     0.0000     0.0000     0.0000  3308.8962  3027.4014  2747.5549  2468.9268  2194.8931  1931.3125  1677.6495   973.9967   820.5512   673.3509   546.0638   222.7805    82.1767    66.7815    52.5605    38.5081    27.0637    18.8359    11.9476     6.0128     2.2444     0.7942     0.0334     0.0000     0.0000     0.0000     0.0000     0.0000     0.0000     0.0000     0.0000
2019-05-22 07  13     0.0000     0.0000     0.0000     0.0000     0.0000     0.0000     0.0000 18185.9785 16762.3086 15357.9668 10913.9590  9919.4678  7004.7593  5264.7993  4665.4785  4084.4976  1313.0457   821.2817   673.3509   546.0638   222.7805    82.7430    66.7815    52.5605    38.5081     0.0000     0.0000     0.0000     0.0000     0.0000     0.0000     0.0000     0.0000     0.0000     0.0000     0.0000     0.0000     0.0000     0.0000     0.0000
2019-05-22 07  12     0.0000     0.0000     0.0000     0.0000     0.0000     0.0000     0.0000 18185.9785 16762.3086 15357.9668 11303.9502  9919.4678  7004.7593  5264.7993  4665.4785  4084.4976  1313.0457   821.2817   673.3509   546.0638   222.7805    82.7430    66.7815    52.5605    38.5081    27.0637    18.8359    11.9476     0.0000     0.0000     0.0000     0.0000     0.0000     0.0000     0.0000     0.0000     0.0000     0.0000     0.0000     0.0000
2019-05-22 07  11     0.0000     0.0000     0.0000     0.0000     0.0000     0.0000 19913.8945 18185.9785 16762.3086 15357.9668 10913.9590  9919.4678  7004.7593  5264.7993  4665.4785  4084.4976  1313.0457   821.2817   673.3509   546.0638   222.7805    82.7430    66.7815    52.5605    38.5081    27.0637    18.8359    11.9476     0.0000     0.0000     0.0000     0.0000     0.0000     0.0000     0.0000     0.0000     0.0000     0.0000     0.0000     0.0000
2019-05-22 07  10     0.0000     0.0000     0.0000     0.0000     0.0000     0.0000     0.0000     0.0000     0.0000     0.0000     0.0000     0.0000     0.0000  5264.7993  4665.4785  4084.4976  1313.0457   821.6209   673.3509   546.0638   222.7805    82.7430    66.7815    52.5605    38.5081    27.0637    18.8359    11.9476     0.0000     0.0000     0.0000     0.0000     0.0000     0.0000     0.0000     0.0000     0.0000     0.0000     0.0000     0.0000
2019-05-22 07   9     0.0000     0.0000     0.0000     0.0000     0.0000     0.0000 19913.8945 18185.9785 16762.3086 15357.9668 11303.9502  9919.4678  7004.7593  5264.7993  4665.4785  4084.4976  1313.0457   821.2817   673.3509   546.0638   222.7805    82.7430    66.7815    52.5605    38.5081    27.0637    18.8359    11.9476     0.0000     0.0000     0.0000     0.0000     0.0000     0.0000     0.0000     0.0000     0.0000     0.0000     0.0000     0.0000
2019-05-22 07   8     0.0000     0.0000     0.0000     0.0000     0.0000 21411.6016 19913.8945 18185.9785 16762.3086 15357.9668 10913.9590  9919.4678  7004.7593  5264.7993  4665.4785  4084.4976  1313.0457   821.2817   673.3509   546.0638   222.7805    82.7430    66.7815    52.5605     0.0000     0.0000     0.0000     0.0000     0.0000     0.0000     0.0000     0.0000     0.0000     0.0000     0.0000     0.0000     0.0000     0.0000     0.0000     0.0000
2019-05-22 07   7     0.0000     0.0000     0.0000     0.0000     0.0000 21412.0059 19914.0117 18185.9785 16762.3086 15357.9668 11303.9502  9919.4678  7004.7593  5264.7993  4665.4785  4084.4976  1313.0457   821.6209   673.3509   546.0638   222.7805    82.7430    66.7815    52.5605    38.5081    27.0637    18.8359    11.9476     0.0000     0.0000     0.0000     0.0000     0.0000     0.0000     0.0000     0.0000     0.0000     0.0000     0.0000     0.0000
2019-05-22 07   6     0.0000     0.0000     0.0000     0.0000     0.0000 21411.6016 19913.8945 18185.9785 16762.3086 15357.9668 10913.9590  9919.4678  7004.7593  5264.7993  4665.4785  4084.4976  1313.0457   821.2817   673.3509   546.0638   222.7805    82.7430    66.7815    52.5605    38.5081    27.0637    18.8359    11.9476     0.0000     0.0000     0.0000     0.0000     0.0000     0.0000     0.0000     0.0000     0.0000     0.0000     0.0000     0.0000
2019-05-22 07  14     0.0000     0.0000     0.0000     0.0000     0.0000 21412.0059 19914.0117 18185.9785 16757.4258  3308.8962  3027.4014  2747.5549  2468.9268  2194.8931  1931.3125  1677.6495  1313.0457   820.6808   673.3509   546.0638   222.7805    82.7430    66.7815    52.5605    38.5081    27.0637    18.8359    11.9476     6.0128     0.0000     0.0000     0.0000     0.0000     0.0000     0.0000     0.0000     0.0000     0.0000     0.0000     0.0000
2019-05-22 07   5     0.0000     0.0000     0.0000     0.0000 22921.9980 21411.6016 19913.8945 18185.9785 16762.3086 15357.9668 10913.9590  9919.4678  7004.7593  5264.7993  4665.4785  4084.4976  1313.0457   821.2817   673.3509   546.0638   222.7805    82.7430    66.7815    52.5605    38.5081    27.0637    18.8359    11.9476     0.0000     0.0000     0.0000     0.0000     0.0000     0.0000     0.0000     0.0000     0.0000     0.0000     0.0000     0.0000
2019-05-22 07   3     0.0000     0.0000     0.0000     0.0000 22922.6895 21412.0059 19914.0117 18185.9785 16762.3086  3308.8962  3027.4014  2747.5549  2468.9268  2194.8931  1931.3125  1677.6495   972.7421   820.5167   673.3509   546.0638   222.7805    83.1696    67.4345    52.6434    38.5081    27.0637     0.0000     0.0000     0.0000     0.0000     0.0000     0.0000     0.0000     0.0000     0.0000     0.0000     0.0000     0.0000     0.0000     0.0000
2019-05-22 07   2     0.0000     0.0000     0.0000     0.0000 22922.6895 21412.0059 19914.0117 18185.9785 16762.3086 15357.9668  3027.4014  2747.5549  2468.9268  2194.8931  1931.3125  1677.6495  1313.0457   821.2817   673.3509   546.0638   222.7805    83.1696    67.4345    52.6434    38.5081    27.0637    18.8359     0.0000     0.0000     0.0000     0.0000     0.0000     0.0000     0.0000     0.0000     0.0000     0.0000     0.0000     0.0000     0.0000
2019-05-22 07   4     0.0000     0.0000     0.0000 24452.7852 22922.6895 21412.0059 19914.0117 18409.6992 16762.3086  3308.8962  3027.4014  2747.5549  2468.9268  2194.8931  1931.3125  1677.6495   972.7421   820.5167   673.3509   546.0638   222.7805    83.1696    67.4345    52.6434    38.5081    27.0637    18.8359    11.9476     6.0128     2.2444     0.0000     0.0000     0.0000     0.0000     0.0000     0.0000     0.0000     0.0000     0.0000     0.0000
2019-05-22 07   1     0.0000     0.0000     0.0000 24452.7852 22922.6895 21412.0059 19914.0117 18185.9785 16762.3086  3308.8962  3027.3174  2747.5549  2468.9268  2194.8931  1931.3125  1677.6495   972.7421   820.5167   673.3509   546.0638   222.7805    83.1696    67.4345    52.6434    38.5081    27.0637     0.0000     0.0000     0.0000     0.0000     0.0000     0.0000     0.0000     0.0000     0.0000     0.0000     0.0000     0.0000     0.0000     0.0000
