CRPS
      1.0161
      0.9868
      0.9778
      1.1455
      0.9978
      1.0054
      1.0134
      1.0181
      1.0205
      1.0212
      1.0207
      1.0192
      1.0156
      1.1030
      1.1904
      1.2894
      1.3457
      1.2973
      1.3710
      1.4460
      1.3647
      1.3544
      1.3810
      1.2726
      1.2877
      1.2797
      1.0607
      0.9851
      0.9410
      0.9464
      0.9593
      0.9910
      1.0099
      0.9984
      1.0126
      1.0191
      1.0089
      1.0082
      1.0056
      1.0005
      1.0025
      1.0670
      1.1497
      1.1496
      1.1482
      1.2288
      1.0268
      1.1040
