 01      02      03      04      05      06      07      08      09      10      11      12      13      14      15      16      17      18      19      20      21      22      23      24      25      26      27      28      29      30      31      32      33      34      35      36      37      38      39      40      41      42      43      44      45      46      47      48      49      50      51      52      53      54      55      56      57      58
2019-07-21 08:00,   1.760,   1.051,   2.811,   2.806,   0.123,   2.929,   0.529,   3.458,   3.456,   0.548,   4.004,   0.971,   0.973,   1.384,   2.357,   2.357,   0.404,   2.760,   2.762,   0.692,   3.454,   7.458,   7.463,   0.130,   7.593,   0.217,   7.810,   7.828,   0.389,   8.216,   0.285,   0.291,   0.598,   0.889,   9.106,   9.132,   0.129,   9.261,   0.257,   9.518,   9.550,   0.348,   9.898,   0.631,  10.529,  10.597,   0.362,  10.958,  10.996,   0.180,  11.176,   0.313,  11.489,  11.582,   0.385,  11.967,   0.222,  12.188,
2019-07-21 09:00,   1.815,   1.041,   2.856,   2.848,   0.122,   2.970,   0.519,   3.489,   3.477,   0.541,   4.018,   0.968,   0.969,   1.398,   2.368,   2.366,   0.400,   2.766,   2.765,   0.690,   3.454,   7.473,   7.470,   0.126,   7.597,   0.211,   7.808,   7.811,   0.377,   8.188,   0.277,   0.282,   0.581,   0.863,   9.051,   9.065,   0.125,   9.190,   0.250,   9.440,   9.459,   0.339,   9.798,   0.620,  10.417,  10.461,   0.351,  10.813,  10.838,   0.177,  11.015,   0.306,  11.321,  11.387,   0.382,  11.769,   0.220,  11.989,
2019-07-21 10:00,   1.905,   1.054,   2.959,   2.941,   0.124,   3.065,   0.515,   3.579,   3.545,   0.546,   4.091,   0.985,   0.980,   1.438,   2.418,   2.410,   0.406,   2.816,   2.801,   0.708,   3.509,   7.600,   7.577,   0.123,   7.700,   0.207,   7.907,   7.879,   0.368,   8.247,   0.271,   0.275,   0.566,   0.841,   9.088,   9.082,   0.122,   9.205,   0.244,   9.449,   9.449,   0.331,   9.780,   0.617,  10.397,  10.410,   0.343,  10.753,  10.764,   0.178,  10.943,   0.303,  11.245,  11.279,   0.389,  11.668,   0.226,  11.894,
2019-07-21 11:00,   2.004,   1.077,   3.081,   3.058,   0.128,   3.186,   0.514,   3.700,   3.650,   0.556,   4.206,   1.011,   1.002,   1.487,   2.489,   2.478,   0.415,   2.893,   2.868,   0.732,   3.600,   7.806,   7.766,   0.121,   7.888,   0.203,   8.091,   8.034,   0.361,   8.394,   0.266,   0.269,   0.555,   0.824,   9.218,   9.191,   0.120,   9.311,   0.240,   9.551,   9.531,   0.325,   9.856,   0.619,  10.475,  10.454,   0.336,  10.790,  10.785,   0.181,  10.966,   0.301,  11.267,  11.266,   0.400,  11.666,   0.235,  11.901,
2019-07-21 12:00,   2.075,   1.084,   3.159,   3.143,   0.129,   3.272,   0.511,   3.783,   3.744,   0.559,   4.303,   1.023,   1.018,   1.516,   2.534,   2.526,   0.419,   2.945,   2.926,   0.741,   3.666,   7.969,   7.935,   0.119,   8.055,   0.200,   8.255,   8.199,   0.355,   8.554,   0.262,   0.264,   0.545,   0.810,   9.363,   9.331,   0.118,   9.449,   0.236,   9.685,   9.657,   0.320,   9.977,   0.617,  10.594,  10.555,   0.330,  10.885,  10.870,   0.182,  11.052,   0.299,  11.351,  11.325,   0.405,  11.730,   0.239,  11.969,
2019-07-21 13:00,   2.131,   1.083,   3.213,   3.202,   0.129,   3.331,   0.507,   3.838,   3.811,   0.557,   4.368,   1.027,   1.025,   1.534,   2.559,   2.554,   0.419,   2.973,   2.962,   0.742,   3.704,   8.072,   8.050,   0.118,   8.168,   0.198,   8.366,   8.325,   0.350,   8.675,   0.259,   0.261,   0.538,   0.798,   9.474,   9.448,   0.116,   9.564,   0.233,   9.798,   9.772,   0.317,  10.089,   0.613,  10.702,  10.664,   0.326,  10.989,  10.972,   0.181,  11.153,   0.296,  11.449,  11.415,   0.406,  11.821,   0.239,  12.060,
2019-07-21 14:00,   2.180,   1.076,   3.256,   3.247,   0.128,   3.375,   0.503,   3.878,   3.859,   0.553,   4.412,   1.026,   1.026,   1.547,   2.573,   2.570,   0.417,   2.987,   2.982,   0.738,   3.720,   8.132,   8.119,   0.117,   8.236,   0.196,   8.432,   8.407,   0.346,   8.753,   0.256,   0.258,   0.532,   0.789,   9.542,   9.525,   0.115,   9.640,   0.231,   9.872,   9.854,   0.314,  10.168,   0.608,  10.776,  10.748,   0.322,  11.070,  11.056,   0.180,  11.236,   0.294,  11.530,  11.500,   0.404,  11.904,   0.238,  12.142,
2019-07-21 15:00,   2.223,   1.067,   3.290,   3.283,   0.127,   3.411,   0.499,   3.909,   3.895,   0.549,   4.443,   1.023,   1.024,   1.556,   2.580,   2.579,   0.414,   2.993,   2.990,   0.734,   3.724,   8.167,   8.159,   0.116,   8.275,   0.194,   8.469,   8.455,   0.343,   8.798,   0.254,   0.255,   0.527,   0.782,   9.580,   9.570,   0.114,   9.684,   0.230,   9.914,   9.904,   0.312,  10.216,   0.603,  10.818,  10.801,   0.319,  11.121,  11.112,   0.178,  11.290,   0.291,  11.581,  11.561,   0.401,  11.962,   0.236,  12.198,
2019-07-21 16:00,   2.260,   1.057,   3.318,   3.312,   0.126,   3.438,   0.495,   3.933,   3.922,   0.544,   4.465,   1.019,   1.020,   1.562,   2.582,   2.582,   0.410,   2.992,   2.992,   0.728,   3.720,   8.185,   8.181,   0.115,   8.296,   0.193,   8.489,   8.481,   0.341,   8.822,   0.252,   0.253,   0.523,   0.776,   9.598,   9.593,   0.114,   9.707,   0.228,   9.935,   9.930,   0.310,  10.240,   0.598,  10.838,  10.829,   0.317,  11.146,  11.142,   0.176,  11.318,   0.289,  11.607,  11.596,   0.398,  11.994,   0.233,  12.227,
2019-07-21 17:00,   2.289,   1.048,   3.336,   3.333,   0.125,   3.457,   0.492,   3.949,   3.941,   0.539,   4.480,   1.013,   1.015,   1.565,   2.580,   2.581,   0.407,   2.987,   2.989,   0.723,   3.711,   8.191,   8.189,   0.115,   8.304,   0.191,   8.496,   8.493,   0.339,   8.831,   0.251,   0.252,   0.520,   0.771,   9.603,   9.601,   0.113,   9.714,   0.227,   9.941,   9.939,   0.309,  10.248,   0.593,  10.842,  10.839,   0.315,  11.154,  11.153,   0.175,  11.328,   0.287,  11.615,  11.611,   0.394,  12.005,   0.230,  12.235,
2019-07-21 18:00,   2.307,   1.038,   3.345,   3.343,   0.123,   3.467,   0.489,   3.955,   3.951,   0.534,   4.485,   1.008,   1.010,   1.565,   2.575,   2.576,   0.403,   2.979,   2.982,   0.717,   3.699,   8.184,   8.185,   0.114,   8.300,   0.191,   8.490,   8.491,   0.337,   8.829,   0.250,   0.251,   0.517,   0.768,   9.596,   9.597,   0.113,   9.710,   0.226,   9.936,   9.937,   0.308,  10.245,   0.589,  10.834,  10.836,   0.314,  11.150,  11.150,   0.173,  11.324,   0.286,  11.609,  11.610,   0.391,  12.001,   0.228,  12.229,
2019-07-21 19:00,   2.312,   1.030,   3.342,   3.342,   0.122,   3.465,   0.486,   3.951,   3.951,   0.530,   4.481,   1.001,   1.004,   1.562,   2.566,   2.567,   0.400,   2.967,   2.971,   0.712,   3.683,   8.165,   8.168,   0.114,   8.283,   0.190,   8.472,   8.478,   0.336,   8.814,   0.249,   0.250,   0.515,   0.765,   9.579,   9.582,   0.112,   9.695,   0.226,   9.920,   9.923,   0.307,  10.230,   0.585,  10.816,  10.821,   0.313,  11.134,  11.137,   0.172,  11.309,   0.284,  11.593,  11.598,   0.388,  11.986,   0.225,  12.211,
2019-07-21 20:00,   2.307,   1.023,   3.329,   3.332,   0.121,   3.453,   0.484,   3.937,   3.942,   0.526,   4.468,   0.995,   0.997,   1.557,   2.554,   2.556,   0.397,   2.953,   2.958,   0.707,   3.665,   8.133,   8.139,   0.114,   8.253,   0.189,   8.442,   8.452,   0.335,   8.787,   0.249,   0.249,   0.513,   0.762,   9.549,   9.556,   0.112,   9.668,   0.225,   9.893,   9.898,   0.307,  10.205,   0.582,  10.787,  10.796,   0.312,  11.108,  11.112,   0.171,  11.283,   0.283,  11.566,  11.575,   0.385,  11.960,   0.223,  12.183,
2019-07-21 21:00,   2.271,   1.016,   3.287,   3.295,   0.120,   3.415,   0.482,   3.897,   3.912,   0.523,   4.435,   0.987,   0.990,   1.541,   2.531,   2.535,   0.394,   2.929,   2.937,   0.702,   3.639,   8.074,   8.085,   0.114,   8.199,   0.189,   8.388,   8.405,   0.334,   8.739,   0.248,   0.248,   0.512,   0.761,   9.500,   9.510,   0.112,   9.622,   0.225,   9.847,   9.856,   0.306,  10.162,   0.579,  10.742,  10.757,   0.311,  11.068,  11.074,   0.170,  11.244,   0.282,  11.526,  11.540,   0.382,  11.922,   0.222,  12.144,
2019-07-21 22:00,   2.199,   1.010,   3.210,   3.224,   0.120,   3.344,   0.480,   3.824,   3.853,   0.520,   4.373,   0.977,   0.981,   1.514,   2.494,   2.500,   0.392,   2.892,   2.904,   0.696,   3.599,   7.972,   7.992,   0.113,   8.105,   0.188,   8.294,   8.323,   0.334,   8.657,   0.248,   0.248,   0.511,   0.759,   9.416,   9.434,   0.112,   9.546,   0.224,   9.770,   9.786,   0.306,  10.092,   0.577,  10.668,  10.692,   0.310,  11.003,  11.013,   0.169,  11.183,   0.281,  11.464,  11.485,   0.380,  11.864,   0.220,  12.085,
2019-07-21 23:00,   2.110,   1.005,   3.115,   3.133,   0.119,   3.252,   0.478,   3.731,   3.769,   0.518,   4.287,   0.966,   0.970,   1.480,   2.450,   2.457,   0.390,   2.847,   2.862,   0.689,   3.550,   7.838,   7.864,   0.113,   7.977,   0.188,   8.165,   8.207,   0.333,   8.540,   0.247,   0.248,   0.510,   0.758,   9.297,   9.323,   0.112,   9.435,   0.224,   9.659,   9.682,   0.305,   9.988,   0.575,  10.562,  10.597,   0.310,  10.907,  10.923,   0.169,  11.092,   0.280,  11.372,  11.403,   0.377,  11.781,   0.219,  12.000,
2019-07-22 00:00,   2.014,   1.001,   3.015,   3.035,   0.119,   3.153,   0.477,   3.630,   3.673,   0.516,   4.189,   0.956,   0.959,   1.444,   2.404,   2.411,   0.388,   2.799,   2.815,   0.682,   3.497,   7.687,   7.717,   0.113,   7.830,   0.188,   8.018,   8.066,   0.333,   8.399,   0.247,   0.247,   0.509,   0.756,   9.155,   9.187,   0.112,   9.299,   0.223,   9.522,   9.551,   0.305,   9.856,   0.573,  10.429,  10.474,   0.309,  10.784,  10.804,   0.168,  10.972,   0.280,  11.252,  11.293,   0.376,  11.669,   0.218,  11.887,
2019-07-22 01:00,   1.922,   0.997,   2.919,   2.937,   0.118,   3.056,   0.476,   3.532,   3.575,   0.514,   4.089,   0.946,   0.949,   1.410,   2.359,   2.366,   0.386,   2.753,   2.769,   0.676,   3.445,   7.533,   7.564,   0.113,   7.678,   0.187,   7.865,   7.916,   0.333,   8.248,   0.247,   0.247,   0.509,   0.755,   9.004,   9.038,   0.112,   9.150,   0.223,   9.373,   9.405,   0.305,   9.710,   0.571,  10.281,  10.332,   0.309,  10.641,  10.665,   0.168,  10.832,   0.279,  11.112,  11.161,   0.374,  11.535,   0.217,  11.752,
2019-07-22 02:00,   1.835,   0.994,   2.829,   2.846,   0.118,   2.964,   0.475,   3.439,   3.480,   0.513,   3.992,   0.936,   0.940,   1.378,   2.318,   2.324,   0.385,   2.709,   2.724,   0.670,   3.395,   7.387,   7.417,   0.113,   7.530,   0.187,   7.717,   7.767,   0.332,   8.099,   0.246,   0.247,   0.508,   0.755,   8.854,   8.888,   0.112,   8.999,   0.223,   9.222,   9.255,   0.305,   9.560,   0.569,  10.129,  10.182,   0.309,  10.491,  10.516,   0.167,  10.683,   0.279,  10.962,  11.016,   0.373,  11.388,   0.216,  11.604,
2019-07-22 03:00,   1.756,   0.990,   2.746,   2.762,   0.117,   2.880,   0.474,   3.354,   3.392,   0.511,   3.903,   0.928,   0.931,   1.349,   2.280,   2.286,   0.384,   2.669,   2.683,   0.665,   3.348,   7.251,   7.279,   0.113,   7.392,   0.187,   7.579,   7.626,   0.332,   7.958,   0.246,   0.246,   0.507,   0.754,   8.711,   8.744,   0.111,   8.855,   0.223,   9.078,   9.110,   0.304,   9.414,   0.568,   9.982,  10.034,   0.308,  10.343,  10.368,   0.167,  10.534,   0.278,  10.813,  10.867,   0.371,  11.238,   0.216,  11.454,
2019-07-22 04:00,   1.685,   0.988,   2.673,   2.687,   0.117,   2.804,   0.473,   3.277,   3.311,   0.510,   3.821,   0.920,   0.923,   1.323,   2.246,   2.251,   0.382,   2.634,   2.646,   0.660,   3.307,   7.128,   7.153,   0.113,   7.266,   0.187,   7.453,   7.496,   0.332,   7.827,   0.246,   0.246,   0.507,   0.753,   8.580,   8.610,   0.111,   8.722,   0.222,   8.944,   8.974,   0.304,   9.278,   0.567,   9.845,   9.894,   0.308,  10.202,  10.226,   0.167,  10.392,   0.278,  10.670,  10.722,   0.370,  11.093,   0.215,  11.308,
2019-07-22 05:00,   1.647,   0.985,   2.632,   2.641,   0.117,   2.757,   0.472,   3.229,   3.253,   0.509,   3.761,   0.915,   0.917,   1.308,   2.226,   2.229,   0.381,   2.610,   2.619,   0.657,   3.277,   7.038,   7.057,   0.113,   7.170,   0.186,   7.356,   7.390,   0.331,   7.722,   0.246,   0.246,   0.506,   0.752,   8.474,   8.499,   0.111,   8.610,   0.222,   8.832,   8.857,   0.304,   9.161,   0.566,   9.727,   9.769,   0.308,  10.077,  10.099,   0.166,  10.265,   0.278,  10.542,  10.590,   0.369,  10.959,   0.215,  11.174,
2019-07-22 06:00,   1.654,   0.982,   2.637,   2.637,   0.116,   2.753,   0.471,   3.225,   3.231,   0.507,   3.738,   0.914,   0.914,   1.311,   2.225,   2.225,   0.380,   2.606,   2.608,   0.657,   3.265,   7.003,   7.011,   0.113,   7.124,   0.186,   7.310,   7.329,   0.331,   7.660,   0.245,   0.246,   0.506,   0.751,   8.411,   8.427,   0.111,   8.538,   0.222,   8.760,   8.777,   0.304,   9.080,   0.564,   9.645,   9.676,   0.308,   9.983,  10.000,   0.166,  10.166,   0.277,  10.443,  10.481,   0.368,  10.849,   0.214,  11.063,
2019-07-22 07:00,   1.696,   0.980,   2.677,   2.670,   0.116,   2.786,   0.470,   3.256,   3.246,   0.506,   3.752,   0.915,   0.914,   1.325,   2.239,   2.237,   0.380,   2.617,   2.614,   0.657,   3.271,   7.023,   7.021,   0.113,   7.133,   0.186,   7.319,   7.320,   0.331,   7.650,   0.245,   0.245,   0.505,   0.751,   8.401,   8.405,   0.111,   8.516,   0.222,   8.738,   8.744,   0.303,   9.047,   0.563,   9.611,   9.626,   0.307,   9.933,   9.942,   0.166,  10.108,   0.277,  10.385,  10.409,   0.368,  10.776,   0.214,  10.990,
2019-07-22 08:00,   1.762,   0.978,   2.740,   2.728,   0.116,   2.844,   0.469,   3.314,   3.291,   0.505,   3.797,   0.918,   0.917,   1.347,   2.263,   2.260,   0.379,   2.638,   2.632,   0.659,   3.290,   7.087,   7.075,   0.113,   7.188,   0.186,   7.374,   7.358,   0.331,   7.689,   0.245,   0.245,   0.505,   0.750,   8.439,   8.431,   0.111,   8.543,   0.221,   8.764,   8.760,   0.303,   9.063,   0.562,   9.625,   9.623,   0.307,   9.930,   9.931,   0.166,  10.097,   0.277,  10.374,  10.381,   0.367,  10.748,   0.213,  10.961,
2019-07-22 09:00,   1.843,   0.976,   2.819,   2.804,   0.116,   2.920,   0.469,   3.388,   3.358,   0.504,   3.862,   0.922,   0.920,   1.374,   2.294,   2.289,   0.378,   2.667,   2.658,   0.661,   3.319,   7.181,   7.163,   0.113,   7.275,   0.186,   7.461,   7.434,   0.330,   7.764,   0.245,   0.245,   0.504,   0.749,   8.513,   8.497,   0.111,   8.608,   0.221,   8.829,   8.816,   0.303,   9.119,   0.561,   9.680,   9.663,   0.307,   9.970,   9.964,   0.165,  10.130,   0.276,  10.406,  10.397,   0.366,  10.763,   0.213,  10.977,
2019-07-22 10:00,   1.935,   0.974,   2.909,   2.892,   0.116,   3.007,   0.468,   3.475,   3.439,   0.503,   3.942,   0.927,   0.925,   1.405,   2.330,   2.324,   0.377,   2.701,   2.690,   0.664,   3.354,   7.296,   7.273,   0.113,   7.386,   0.185,   7.571,   7.536,   0.330,   7.866,   0.244,   0.245,   0.504,   0.748,   8.614,   8.592,   0.111,   8.703,   0.221,   8.924,   8.904,   0.303,   9.206,   0.560,   9.767,   9.738,   0.306,  10.045,  10.033,   0.165,  10.198,   0.276,  10.474,  10.452,   0.366,  10.817,   0.213,  11.030,
2019-07-22 11:00,   2.035,   0.972,   3.007,   2.988,   0.115,   3.103,   0.467,   3.570,   3.530,   0.503,   4.032,   0.932,   0.930,   1.438,   2.369,   2.362,   0.376,   2.739,   2.726,   0.667,   3.393,   7.426,   7.400,   0.113,   7.512,   0.185,   7.697,   7.656,   0.330,   7.986,   0.244,   0.244,   0.503,   0.747,   8.733,   8.706,   0.111,   8.817,   0.221,   9.038,   9.014,   0.302,   9.316,   0.559,   9.875,   9.838,   0.306,  10.144,  10.128,   0.165,  10.293,   0.276,  10.569,  10.536,   0.365,  10.901,   0.213,  11.114,
2019-07-22 12:00,   2.138,   0.970,   3.108,   3.088,   0.115,   3.203,   0.466,   3.670,   3.627,   0.502,   4.128,   0.938,   0.936,   1.473,   2.409,   2.402,   0.376,   2.778,   2.764,   0.671,   3.435,   7.563,   7.536,   0.113,   7.648,   0.185,   7.833,   7.788,   0.329,   8.117,   0.244,   0.244,   0.502,   0.747,   8.864,   8.834,   0.111,   8.945,   0.220,   9.166,   9.138,   0.302,   9.440,   0.558,   9.999,   9.956,   0.306,  10.262,  10.242,   0.165,  10.407,   0.275,  10.682,  10.643,   0.364,  11.007,   0.212,  11.219,
2019-07-22 13:00,   2.239,   0.968,   3.207,   3.188,   0.115,   3.303,   0.466,   3.768,   3.725,   0.501,   4.226,   0.944,   0.942,   1.507,   2.449,   2.442,   0.375,   2.817,   2.804,   0.674,   3.478,   7.703,   7.675,   0.112,   7.788,   0.185,   7.972,   7.926,   0.329,   8.255,   0.244,   0.244,   0.502,   0.746,   9.000,   8.969,   0.111,   9.080,   0.220,   9.300,   9.271,   0.302,   9.573,   0.558,  10.130,  10.084,   0.305,  10.390,  10.368,   0.165,  10.533,   0.275,  10.808,  10.763,   0.364,  11.127,   0.212,  11.339,
2019-07-22 14:00,   2.337,   0.966,   3.302,   3.284,   0.115,   3.399,   0.465,   3.863,   3.821,   0.500,   4.321,   0.949,   0.947,   1.539,   2.486,   2.480,   0.374,   2.855,   2.842,   0.677,   3.519,   7.840,   7.812,   0.112,   7.925,   0.184,   8.109,   8.063,   0.329,   8.391,   0.243,   0.243,   0.501,   0.745,   9.136,   9.105,   0.111,   9.216,   0.220,   9.436,   9.406,   0.301,   9.708,   0.557,  10.264,  10.217,   0.305,  10.522,  10.500,   0.164,  10.664,   0.275,  10.939,  10.892,   0.363,  11.255,   0.212,  11.467,
2019-07-22 15:00,   2.425,   0.964,   3.389,   3.372,   0.115,   3.486,   0.464,   3.950,   3.911,   0.499,   4.410,   0.954,   0.952,   1.568,   2.521,   2.515,   0.373,   2.889,   2.877,   0.680,   3.556,   7.967,   7.941,   0.112,   8.053,   0.184,   8.237,   8.194,   0.328,   8.522,   0.243,   0.243,   0.501,   0.744,   9.266,   9.236,   0.111,   9.347,   0.220,   9.566,   9.538,   0.301,   9.839,   0.556,  10.394,  10.348,   0.305,  10.653,  10.631,   0.164,  10.795,   0.274,  11.069,  11.022,   0.363,  11.385,   0.211,  11.596,
2019-07-22 16:00,   2.499,   0.962,   3.461,   3.447,   0.114,   3.561,   0.463,   4.024,   3.991,   0.498,   4.489,   0.958,   0.956,   1.593,   2.549,   2.545,   0.373,   2.917,   2.907,   0.682,   3.589,   8.078,   8.055,   0.112,   8.167,   0.184,   8.351,   8.312,   0.328,   8.640,   0.243,   0.243,   0.500,   0.743,   9.383,   9.356,   0.111,   9.466,   0.219,   9.686,   9.659,   0.301,   9.960,   0.555,  10.515,  10.471,   0.304,  10.776,  10.755,   0.164,  10.919,   0.274,  11.193,  11.148,   0.362,  11.510,   0.211,  11.721,
2019-07-22 17:00,   2.556,   0.960,   3.517,   3.505,   0.114,   3.620,   0.462,   4.082,   4.055,   0.497,   4.552,   0.960,   0.959,   1.612,   2.571,   2.568,   0.372,   2.940,   2.932,   0.683,   3.615,   8.167,   8.148,   0.112,   8.261,   0.184,   8.444,   8.412,   0.327,   8.739,   0.242,   0.243,   0.499,   0.742,   9.481,   9.458,   0.111,   9.569,   0.219,   9.788,   9.765,   0.300,  10.065,   0.554,  10.619,  10.581,   0.304,  10.885,  10.866,   0.164,  11.030,   0.274,  11.304,  11.263,   0.361,  11.624,   0.211,  11.835,
2019-07-22 18:00,   2.592,   0.958,   3.550,   3.543,   0.114,   3.657,   0.462,   4.119,   4.101,   0.496,   4.597,   0.962,   0.961,   1.624,   2.585,   2.582,   0.371,   2.954,   2.948,   0.684,   3.632,   8.229,   8.216,   0.112,   8.328,   0.183,   8.511,   8.487,   0.327,   8.814,   0.242,   0.242,   0.499,   0.741,   9.555,   9.538,   0.110,   9.648,   0.219,   9.867,   9.849,   0.300,  10.148,   0.553,  10.701,  10.671,   0.304,  10.974,  10.959,   0.164,  11.123,   0.273,  11.396,  11.361,   0.361,  11.722,   0.211,  11.933,
2019-07-22 19:00,   2.606,   0.956,   3.562,   3.559,   0.114,   3.673,   0.461,   4.134,   4.125,   0.495,   4.620,   0.961,   0.961,   1.628,   2.589,   2.589,   0.371,   2.959,   2.957,   0.683,   3.640,   8.260,   8.253,   0.112,   8.365,   0.183,   8.548,   8.534,   0.327,   8.861,   0.242,   0.242,   0.498,   0.740,   9.601,   9.589,   0.110,   9.700,   0.218,   9.918,   9.906,   0.299,  10.205,   0.552,  10.757,  10.736,   0.303,  11.039,  11.028,   0.163,  11.191,   0.273,  11.464,  11.438,   0.360,  11.798,   0.210,  12.008,
2019-07-22 20:00,   2.603,   0.955,   3.558,   3.558,   0.113,   3.672,   0.460,   4.132,   4.131,   0.494,   4.625,   0.959,   0.960,   1.628,   2.588,   2.588,   0.370,   2.958,   2.958,   0.682,   3.640,   8.266,   8.264,   0.112,   8.376,   0.183,   8.559,   8.553,   0.326,   8.880,   0.241,   0.242,   0.497,   0.739,   9.619,   9.614,   0.110,   9.724,   0.218,   9.942,   9.936,   0.299,  10.235,   0.551,  10.786,  10.774,   0.303,  11.077,  11.070,   0.163,  11.233,   0.272,  11.506,  11.489,   0.360,  11.849,   0.210,  12.059,
2019-07-22 21:00,   2.561,   0.953,   3.513,   3.521,   0.113,   3.634,   0.459,   4.094,   4.107,   0.494,   4.600,   0.955,   0.956,   1.614,   2.570,   2.573,   0.369,   2.942,   2.947,   0.679,   3.626,   8.227,   8.233,   0.112,   8.345,   0.183,   8.528,   8.536,   0.326,   8.862,   0.241,   0.241,   0.497,   0.738,   9.599,   9.603,   0.110,   9.713,   0.218,   9.930,   9.932,   0.299,  10.231,   0.550,  10.781,  10.780,   0.303,  11.083,  11.081,   0.163,  11.244,   0.272,  11.517,  11.511,   0.359,  11.870,   0.210,  12.079,
2019-07-22 22:00,   2.470,   0.951,   3.421,   3.438,   0.113,   3.551,   0.458,   4.010,   4.042,   0.493,   4.535,   0.947,   0.950,   1.582,   2.532,   2.538,   0.369,   2.906,   2.918,   0.674,   3.592,   8.126,   8.145,   0.111,   8.257,   0.182,   8.439,   8.466,   0.325,   8.791,   0.241,   0.241,   0.496,   0.737,   9.528,   9.543,   0.110,   9.653,   0.217,   9.870,   9.882,   0.298,  10.180,   0.549,  10.729,  10.745,   0.302,  11.047,  11.052,   0.163,  11.215,   0.272,  11.487,  11.495,   0.359,  11.853,   0.210,  12.063,
2019-07-22 23:00,   2.357,   0.949,   3.306,   3.328,   0.113,   3.441,   0.458,   3.898,   3.944,   0.492,   4.436,   0.937,   0.941,   1.542,   2.482,   2.490,   0.368,   2.858,   2.874,   0.668,   3.542,   7.978,   8.007,   0.111,   8.118,   0.182,   8.300,   8.344,   0.325,   8.669,   0.240,   0.241,   0.495,   0.736,   9.405,   9.431,   0.110,   9.541,   0.217,   9.758,   9.781,   0.298,  10.079,   0.548,  10.627,  10.660,   0.302,  10.962,  10.975,   0.163,  11.138,   0.271,  11.409,  11.434,   0.358,  11.792,   0.209,  12.001,
2019-07-23 00:00,   2.237,   0.947,   3.184,   3.207,   0.113,   3.320,   0.457,   3.777,   3.829,   0.491,   4.320,   0.927,   0.931,   1.498,   2.429,   2.438,   0.367,   2.805,   2.823,   0.662,   3.485,   7.804,   7.839,   0.111,   7.950,   0.182,   8.132,   8.187,   0.325,   8.511,   0.240,   0.240,   0.495,   0.735,   9.246,   9.281,   0.110,   9.391,   0.217,   9.607,   9.639,   0.297,   9.937,   0.547,  10.484,  10.532,   0.301,  10.833,  10.854,   0.162,  11.017,   0.271,  11.287,  11.328,   0.357,  11.686,   0.209,  11.895,
2019-07-23 01:00,   2.119,   0.945,   3.064,   3.087,   0.113,   3.200,   0.456,   3.656,   3.709,   0.490,   4.199,   0.917,   0.921,   1.456,   2.377,   2.385,   0.367,   2.752,   2.770,   0.655,   3.426,   7.624,   7.661,   0.111,   7.772,   0.182,   7.953,   8.013,   0.324,   8.337,   0.240,   0.240,   0.494,   0.734,   9.070,   9.110,   0.110,   9.219,   0.216,   9.436,   9.473,   0.297,   9.770,   0.547,  10.316,  10.374,   0.301,  10.675,  10.701,   0.162,  10.863,   0.271,  11.134,  11.187,   0.357,  11.544,   0.209,  11.752,
2019-07-23 02:00,   2.007,   0.944,   2.951,   2.973,   0.112,   3.085,   0.455,   3.540,   3.591,   0.489,   4.080,   0.908,   0.911,   1.416,   2.327,   2.335,   0.366,   2.701,   2.719,   0.649,   3.368,   7.448,   7.484,   0.111,   7.595,   0.181,   7.776,   7.836,   0.324,   8.159,   0.239,   0.240,   0.493,   0.733,   8.892,   8.933,   0.109,   9.042,   0.216,   9.258,   9.297,   0.297,   9.593,   0.546,  10.139,  10.201,   0.300,  10.501,  10.530,   0.162,  10.692,   0.270,  10.962,  11.023,   0.356,  11.379,   0.208,  11.588,
2019-07-23 03:00,   1.904,   0.942,   2.846,   2.866,   0.112,   2.978,   0.454,   3.433,   3.480,   0.488,   3.969,   0.899,   0.902,   1.378,   2.280,   2.288,   0.366,   2.653,   2.670,   0.644,   3.314,   7.283,   7.316,   0.111,   7.427,   0.181,   7.608,   7.665,   0.323,   7.988,   0.239,   0.239,   0.492,   0.732,   8.720,   8.759,   0.109,   8.869,   0.216,   9.084,   9.122,   0.296,   9.418,   0.545,   9.963,  10.025,   0.300,  10.325,  10.355,   0.162,  10.517,   0.270,  10.786,  10.850,   0.356,  11.205,   0.208,  11.413,
2019-07-23 04:00,   1.812,   0.940,   2.752,   2.770,   0.112,   2.882,   0.454,   3.336,   3.379,   0.488,   3.867,   0.891,   0.894,   1.345,   2.239,   2.245,   0.365,   2.610,   2.625,   0.639,   3.264,   7.131,   7.162,   0.111,   7.272,   0.181,   7.453,   7.506,   0.323,   7.829,   0.239,   0.239,   0.492,   0.731,   8.559,   8.596,   0.109,   8.705,   0.215,   8.921,   8.957,   0.296,   9.252,   0.544,   9.796,   9.856,   0.300,  10.155,  10.184,   0.162,  10.346,   0.269,  10.615,  10.677,   0.355,  11.032,   0.208,  11.240,
2019-07-23 05:00,   1.765,   0.938,   2.703,   2.714,   0.112,   2.825,   0.453,   3.278,   3.307,   0.487,   3.794,   0.886,   0.888,   1.329,   2.217,   2.220,   0.364,   2.585,   2.595,   0.636,   3.230,   7.024,   7.046,   0.111,   7.157,   0.180,   7.337,   7.378,   0.322,   7.701,   0.238,   0.239,   0.491,   0.730,   8.430,   8.460,   0.109,   8.569,   0.215,   8.784,   8.815,   0.295,   9.110,   0.543,   9.653,   9.705,   0.299,  10.004,  10.030,   0.161,  10.191,   0.269,  10.460,  10.517,   0.355,  10.872,   0.208,  11.080,
2019-07-23 06:00,   1.782,   0.936,   2.718,   2.717,   0.112,   2.828,   0.452,   3.280,   3.285,   0.486,   3.771,   0.886,   0.886,   1.337,   2.223,   2.223,   0.364,   2.586,   2.587,   0.635,   3.223,   6.993,   7.001,   0.110,   7.112,   0.180,   7.292,   7.311,   0.322,   7.633,   0.238,   0.238,   0.490,   0.728,   8.361,   8.379,   0.109,   8.487,   0.215,   8.702,   8.721,   0.295,   9.016,   0.542,   9.558,   9.595,   0.299,   9.894,   9.913,   0.161,  10.074,   0.269,  10.342,  10.387,   0.354,  10.742,   0.207,  10.949,
2019-07-23 07:00,   1.842,   0.935,   2.777,   2.766,   0.111,   2.878,   0.451,   3.329,   3.312,   0.485,   3.797,   0.889,   0.888,   1.361,   2.249,   2.245,   0.363,   2.608,   2.602,   0.637,   3.239,   7.036,   7.029,   0.110,   7.139,   0.180,   7.319,   7.314,   0.321,   7.636,   0.238,   0.238,   0.490,   0.727,   8.363,   8.365,   0.109,   8.473,   0.214,   8.688,   8.693,   0.294,   8.987,   0.541,   9.528,   9.543,   0.298,   9.841,   9.851,   0.161,  10.012,   0.268,  10.280,  10.306,   0.354,  10.660,   0.207,  10.867,
