0,1,2,3,4,5,6,7,8,9,10,11,12,13,14,15,16,17,18,19,20,21,22,23,24,25
0.025100705942441195,0.005428269585128798,0.016280911123904666,0.02270982238471764,0.020542801191558394,0.0021091646794420514,1.1477000714040315,1.473761296310684,0.7110423540200608,0.13774188126717846,0.058223326622129284,2.7024559941580506,0.21120402626290807,0.18619419786685454,0.03416495652934337,0.015818565958862635,0.014271060745130432,0.0003874522403353997,0.02901571407216447,0.07258786919034776,0.0136451681519318,0.0023649103097485233,0.00704435001474437,0.0005910303752126738,1699.9282333633782,70.13261409959308
65.97210580706779,65.56178038977345,65.8457703365011,65.98779747992846,65.7580352134677,65.94331615042505,65.99242614791109,65.9985561432889,65.99449388747252,65.99811673704559,65.97339194324162,65.99652478823619,65.95093057310393,65.99859072302596,65.96881321880902,65.99342728475395,65.99548314546684,61.376388988243846,65.64417238789166,65.0645477370272,65.85414348607222,64.73672911671086,64.58784437464335,65.0373581924778,340739.291375764,-1496.187744252586
64.70482669416081,57.54111882718789,58.94292636293638,65.91917668836389,64.92911827433821,1.4325948655514082,65.99145299060633,65.97966705910069,65.8725145865,59.79624228816642,65.91748154168599,65.96744715389679,65.49176330468845,65.99563220895556,65.99531669202415,65.0398700067129,65.20042957910897,0.6248990972376489,59.947558912477724,1.1032875272819795,4.185045733768131,0.1422010105124718,0.024467639587422485,0.15972725518562114,250854.77737432584,-1019.8617663000357
65.25362301861513,1.0302656325179136,64.79277644229427,65.96285929238698,61.505835130975726,55.54041612913715,65.98706173511101,65.97625929049454,65.9435754943079,65.96284573263432,65.96451229482143,65.91761285287767,65.73719037889491,65.65755242097761,65.91040814123595,65.9061449456103,64.4501693623311,4.419794746182478,1.280415892028408,9.322577681276847,9.484068759582772,2.712837413217425,1.38601040067557,0.044428828073914906,244827.91955786984,-989.1062420162614
64.53220080964525,59.618607350899644,64.29209532813172,65.93950997957772,62.13345338312252,62.622928873073086,65.29981645006967,65.95030925198795,65.82511339798683,65.99816011620827,65.96501152354665,65.9171820970189,65.96120223542897,65.9617377734254,65.91252476045705,65.9887355592662,65.77007156091099,2.109873553996896,62.941078882437736,13.442546091720896,44.992280970485865,3.9699679093464195,2.186338623581389,4.597140147882792,278571.6822041435,-1160.8848866302087
65.34020379624818,65.4298955935014,65.71205738887019,65.80795762814857,65.67873725703818,65.55043444844327,65.97883738763683,65.97131378599927,65.95941346236089,65.98055451368354,65.96004340514762,65.99319601525072,65.7162160839815,65.99496916057049,65.64320254179383,65.98056332775785,65.97574890453329,5.807659656799533,62.820682765537214,59.711172027457664,11.917333345100438,0.2943459074409738,0.7377374420597391,1.162580257482766,283295.7931673516,-1184.081856102844
0.10367246417552134,1.1719130244740015,0.036627997885009825,1.3775758807934597,0.10116768320137337,0.8148755141406789,61.28921416284255,60.01448338377167,64.42376035722235,3.118494824501486,65.64548775444534,65.39737109139602,0.11994821090350305,65.66899782687473,64.89655447772034,0.6015737161220276,2.5615797569086833,0.04038636880292933,0.05190223173807498,0.0690156273103057,0.5192450573683809,0.15429151530690643,0.06193224842062006,0.08229312524367716,112437.21016496028,-381.2793643015697
0.013209466425322683,1.5244505790600582,0.24888620399612915,0.2019881333108522,0.05324442455727496,0.0009926749876811754,58.50539684921934,54.64531479160632,62.50138277803261,56.57963847900182,2.155064542436607,9.735287239553031,0.9403316807200329,65.73597786798759,63.47051030163436,61.27132901131195,0.1655485979744148,0.040367524463402804,0.15383627719162268,0.6467041382299734,0.16432407043591943,0.026454864324546575,0.028946870284011852,0.0009478515320921454,107098.40666172432,-361.76713521827696
65.20112726444586,7.3705216954336645,64.62245703647707,65.9592766779445,65.72165040860037,12.702793975215243,65.98706186638695,65.99854670647757,65.9748732374529,65.98285596073072,65.96119060384831,65.99461372250708,65.97202609067018,65.98797926365506,65.91544238214433,65.97305035793943,65.86985215029988,5.740345314502738,61.76840609723762,65.15211058901416,62.33557270310199,2.3292906597821883,2.077438942325198,0.25495341407699135,272255.3961751843,-1129.81043712027
65.19899428050323,65.42870225810947,64.66221719721752,65.93933745545627,65.68101176944947,0.5533403369329477,65.97877758934047,65.99829575811916,65.97516503713257,65.98327766881147,65.9794008533197,65.99491730816787,65.92950742059445,65.99737953114239,65.88711678015606,65.97681730172081,65.61528817687615,60.01597990368568,64.96444073391643,60.25124604778435,65.91714594041697,5.489576298962506,4.322409687404195,5.363820154357947,293861.8290056037,-1242.0611654895783
0.1901616680483198,0.7062402571687937,0.028574786158573964,7.032558783901484,0.20024407430352653,0.005781634681100434,65.40539004397986,65.64836884468383,65.49496257971558,4.110304659895302,3.290873059906655,65.78231419018408,3.164987980588797,64.9199882946713,0.24764076893356535,0.7149765751817583,5.1742812834824345,0.8343826010713908,0.03010079732271445,1.5374381166440754,0.1662797643027648,0.006836379021509894,0.02059912244471085,0.15527526636224637,87597.6709135575,-277.8255615326544
63.29590261305589,2.7063942963942944,2.1085790343189545,61.81933606341335,63.38334412675804,1.517996020891381,65.2843911302931,57.93594248440901,62.21295442051166,65.86019748714642,65.80646183338776,65.37527914684193,59.148435632210095,65.65805867276919,65.68179917664435,64.40956026099701,61.84479434396813,0.14915643213195984,0.1016719633885312,0.2325244685777217,0.376392796209049,4.275708583602618,1.4299955829494895,0.019713641649951846,210736.88623565598,-823.5915902125199
65.86368657132681,65.37304381939985,65.76601072303764,65.95997702185085,65.6163404799706,63.64683040704229,65.9581668295722,65.93430421924442,65.9975756259593,65.9961620962406,65.97457455599553,65.91783417035681,65.94815464996196,65.96194593184595,65.95441338735634,65.69220821100292,65.99961992366435,5.707970131699731,59.28147856030976,65.66969512470055,65.8355582630761,11.539765691123197,6.329271377920321,4.569960047592247,297656.11566832516,-1259.4515478202502
0.15870193766446697,1.855211657533386,0.05363970182612962,0.10587572248216796,0.018698424984300445,0.028132174066630544,61.612577472617815,13.836320946634153,0.8220014977962036,1.3497755532990907,2.5032883644555994,3.662342506333296,0.14021209370354637,59.755231898687384,0.07992965001460517,10.362011024800765,5.740339686425298,0.16970524510097018,0.06871066074260748,0.4979204180347352,0.06834761160369174,0.0061882291978776595,1.1167902490634796,0.002644924960103691,40579.849540546864,-86.9715976520283
64.68559401712109,57.54111882718789,1.8001921987104872,2.908810756013068,62.09563180773225,1.3389773688300957,65.29382782645256,65.9986269606927,65.91736676860346,59.8392724708271,65.91748154168599,65.54168505023871,65.95974176652027,65.95539042724765,65.73619123900536,65.97690002951127,5.318832723568477,0.16192065844719727,59.947558912477724,0.7208798146701767,4.653555793647573,0.21804382804810674,0.024467639587422485,5.3202039162919785,213066.15353470275,-841.8292723431186
65.69807134269132,1.9393857100541891,64.68244896760767,64.96479641568818,64.36230071276267,1.2757710354850245,65.97863106014695,64.41440227420046,65.57847611100587,65.98069294362767,65.80609230911605,65.9951216335015,64.4773753408287,65.96126189012782,62.423457167577844,65.2026134173902,60.12857323100035,0.10392150340500694,0.15037086960598933,7.0708812846812945,4.443412925785804,3.572234956972806,2.6367689301581185,0.12846043784147376,230103.715031148,-915.9325224712629
0.021228624804147223,0.3088594662371139,0.11909690928343532,0.3357464302646719,6.015733946797985,0.05243331613880914,65.4102490857885,48.82743610912621,6.571797649611796,4.105953323473319,4.463441785365321,65.53489656147893,1.0831786408569988,65.93107832086028,3.9272078759498927,4.353408914188005,5.405280512333306,0.03345340063208677,0.5393074685607786,0.1748754553068892,0.20355974370408156,0.010259911721167424,0.02546273039803161,0.031938060586564385,70223.62456746738,-206.4428842434683
63.7964346154218,65.50201881327342,62.435718051918066,65.83032968073344,64.99422873092446,65.50821039026002,65.98061164092225,65.98835878118292,65.7603340526481,65.98176161878789,65.96358628932789,65.99501421795021,65.9283976506957,65.87841931937707,64.89269687483205,65.90654051823172,60.43968755471338,61.35821707666095,64.40006663394473,60.3888476345183,44.65510375104012,63.818567438647804,63.6351326032327,63.84512417299829,331885.24612009095,-1451.8404081122435
1.1390541107921515,0.7218838550773601,0.2468359635504445,0.01886062606720399,0.05695389197664369,1.4481171639890693,1.3614662192359646,14.59588916357486,1.4426423396904084,2.0380729869990546,6.788125239895756,9.829153669363023,2.3460216296529084,2.3008578929959986,12.406696496003917,4.036146047427064,0.0851282743839703,0.38716578669914914,0.043817649688631145,0.0523387396323177,0.12036661282889304,0.0065786523204567765,0.04576678306871364,0.07300375203495102,14797.395572627578,15.452056453051085
4.534130487736327,0.6790277510793157,0.3575038405579787,0.02555354427135942,3.867389932192133,7.842522565479431,65.40602583411737,64.9324582996099,65.34236944746945,65.72576766057631,65.96017210232401,65.89204160170573,2.8120369376428975,65.97897711200439,65.62440663002849,12.228374363614098,2.469016278812056,0.39204891911179174,0.12951521714920278,0.014554554169426082,0.33467772827450426,0.11326414258855899,0.03859765069445909,5.796875973964841,137440.6636455318,-489.4543085751741
0.023590263130522135,0.6839589871392342,0.010616793051860779,0.01886062606720399,0.021673374296791458,0.08893163505987978,1.1495168618875333,14.768375096163942,1.4426423396904084,0.14160214311370511,0.32524185150104135,9.769422652061847,0.2112047004003666,2.3008578929959986,12.246234074926061,1.327561658360328,0.1554282077756271,0.3779257438333644,0.04369782914075687,0.0523387396323177,0.12198127139376888,0.0554645123962197,0.02958047427291176,0.07298064602977367,11079.880194670102,31.603311625678536
64.91883762394623,2.983612067743005,0.760200943830674,63.650941014914736,61.63427860692446,1.4229318848827992,62.896867901157606,65.34830332026507,65.60781767312763,65.9862846429859,65.7189325864306,65.9171958865829,65.72419682652668,65.65828739200677,65.61713302100519,65.86041296733123,64.46925395018988,4.430898328331411,5.465246236820804,9.21148592085315,11.030364764301815,0.2979154922451175,1.773522066167029,0.02652086747640982,220439.97061183647,-869.3684419860471
64.91883762394623,0.25547846093298754,0.760200943830674,63.650941014914736,0.10454766232410995,1.4229318848827992,62.896867901157606,65.34830332026507,65.60781767312763,65.85725989372105,63.48044917906301,65.89116671245519,64.21583541104334,65.65828739200677,65.6208082323709,64.38545802727853,64.57631025458409,4.430898328331411,0.24291626842596203,9.446809911898118,0.2706311180920502,0.034730953965966094,0.04213157913034003,0.02652086747640982,201835.22066233493,-782.103140615225
0.033566410298819044,0.01579275082764415,0.00036123441626453867,0.022433464134421877,0.023299146953277446,0.047587641928705404,1.4134395691487263,59.402115811333104,0.38425735805372063,0.015194691422174555,0.07804828521002594,3.7157566673092965,0.2596685479424571,0.919627221142072,4.3008425082539326,1.229329867543786,0.014205797504081286,0.04031573759623727,0.07359117226302557,0.05656279927715812,0.035235421750023144,0.027532958535943085,0.01607459355483919,0.00040488978729920355,17815.700677971174,4.9177554538129655
0.7071129771465088,0.0840562551261923,0.21998143321531638,4.184762432799573,5.254920588856148,0.4306109699206606,64.97467405304737,65.21208061923592,65.8304247487839,65.91390537928844,57.98707839485979,65.79626360500279,11.08642687286904,62.70597650459402,65.70121477179299,65.83809162591187,0.18331411663461766,0.6008438981335449,0.3667817280556655,1.3097279150328056,3.23127751630152,0.16565332670913535,0.0007634461799641556,0.1458162853927481,147488.42317529322,-530.8887594648905
4.065534240240099,0.09745413835633654,0.32988556835585325,61.35431250042827,1.930776117507468,0.828739910458803,62.355460513445145,57.132804382012665,8.509097483607206,65.15245491582019,60.92514133924946,63.24827955753849,1.2851561728201801,63.90269534668894,64.6575042555739,62.76917102439578,0.03393305433024363,0.11633903431441198,2.2710133564392185,1.8321189519477832,0.33207801875129567,0.002974148755276518,0.0267721478177425,0.0006511724226511677,140041.88503591437,-506.1173473512774
6.482809875116114,1.7797301156012306,0.031309268352326614,0.02555354427135942,10.15761291542574,1.6880077407837508,65.4696297205023,65.94397110369314,63.44776625696198,7.470392726241943,2.1003366738100517,56.29069777434165,2.506345154696124,65.97897711200439,65.80101775829378,4.965219296162603,1.4809042690424192,0.04654264684437248,0.10497500336324944,0.17301504468353182,0.06940466371005385,0.003375533007693318,0.11462895408406859,0.024002754998552756,103568.02861809818,-345.1132259059924
64.23064575291497,7.352635009138385,0.93573855056003,1.0036842512905721,63.11079862838426,1.3795357570640585,64.89478906847427,65.99187711944393,65.94279517453398,65.73711594344289,65.57120037515385,65.96392104949565,2.4170833776503002,65.9573690427381,65.91019044834168,65.95844409877543,65.20222527081779,5.826296683843928,2.7285755748925995,5.247579191772825,0.3129916865096248,3.634620474038095,0.37749264688375606,5.850090282554476,193138.829722623,-744.4946954587155
64.40812137329873,0.8305008440537378,59.910863989042205,62.80179138416447,65.13560689292053,0.009822449300195935,65.96182463038271,65.41601157087972,65.76817643647874,53.14073349578864,65.96317608154342,65.95888532770236,65.81884768452488,65.96304781188515,65.99006545376425,64.4295959521208,65.52403762656371,7.454719133514621,0.2931753454594883,2.213864343475582,0.1540716833397775,4.513131996857698,0.05794455436093594,0.05818512745854987,226801.42768084904,-900.7332011888809
65.34020379624818,59.47455399700578,65.71205738887019,65.80795762814857,62.40993132690299,62.85816250260048,65.97883738763683,65.40962805942185,65.95941346236089,65.95166745057445,65.96004340514762,65.91369076697826,65.71695987089542,65.99496916057049,65.64320254179383,65.98056332775785,65.61730650446619,5.807659656799533,5.35426827642714,59.711172027457664,11.917333345100438,0.2057016317299677,0.7377374420597391,1.162580257482766,269364.4940851674,-1113.582601214437
0.19439331519929398,1.8060281459583925,3.402349246724202,0.07720730969078152,6.002933632026542,1.457308196158523,65.66578445600088,57.64127800513551,1.8421072671758694,64.28013710444611,6.707312636313372,12.812239664795133,0.8965755674007596,65.93988611242399,65.81089607121704,8.017932357486139,5.2962491297208185,0.37784800868792395,0.06865022676224877,1.8084746226134851,0.12155247620565576,0.05886522052842237,1.4590227666345674,5.406044272951666,91397.42632599482,-300.1080758122573
65.98468995695502,64.71796477034076,0.760200943830674,63.650941014914736,63.591652643918096,1.4229318848827992,65.88660035724773,65.34830332026507,65.59865459640031,65.85684660160982,63.48044917906301,65.89116671245519,64.21583541104334,65.65447519168583,65.64126885334284,64.38545802727853,64.6088771796386,4.430898328331411,61.09617340804533,12.2554813959504,0.2706311180920502,0.06809299922287204,0.06644384253984054,0.02652086747640982,242003.39335495784,-977.8675586045307
64.26209494612222,65.56178038977345,65.8457703365011,65.98779747992846,64.92913548875214,65.94331615042505,65.99242614791109,65.9985561432889,65.99370831990241,65.98787607779,65.97339194324162,65.99510300147587,65.95093057310393,65.99859072302596,65.93017279651708,65.99342728475395,60.07941334746292,61.376388988243846,65.65473009213555,65.0645477370272,65.85414348607222,65.51192655206397,63.34609897478123,64.84320681227321,338807.96303653216,-1487.0315337925736
0.7071129771465088,2.768218920873988,0.21998143321531638,4.184762432799573,5.254920588856148,0.4306109699206606,64.97467405304737,65.21208061923592,65.8304247487839,65.91390537928844,57.98707839485979,65.79626360500279,11.08642687286904,62.70597650459402,65.70121477179299,65.83809162591187,0.18331411663461766,0.6008438981335449,0.3667817280556655,1.3097279150328056,11.01499686878987,0.16565332670913535,1.515396359692,0.1458162853927481,149813.05059253584,-542.8712743966387
0.023653419716627544,2.2663823962807492,0.44559713116803823,0.13610399020831257,2.715613510322936,0.09010674860394918,63.27259392830537,57.88454683332142,60.42063838595947,2.0621794054497506,1.7455045757134275,65.90181434259671,0.2598742083199941,65.53333540507818,4.728446400054957,9.899348977782038,0.028515059485867845,0.024036408782156363,0.03749045762799755,0.6788681866032409,0.06831972590847671,0.019872856628133796,0.007083528085215712,0.0015010820655286927,83809.10136599584,-261.20842696406856
65.0143903075619,4.786502535133031,0.6393012676074115,0.10594641404072289,0.1628455629623211,0.8476638080176997,65.78886728488324,65.95540798341119,65.34397749781127,61.96727341905249,4.674641241310013,63.46197472884206,1.3657792017050028,63.11759360351389,65.37109071487744,65.41869650551816,0.08354548926545124,1.380890385596289,1.3840555097365619,1.1511009349044485,0.11204243777859073,0.10893427790301988,0.1414226151620096,0.08241984058057815,144189.27461228505,-521.4233635671749
65.0836097158391,65.42990848419555,65.6499067156044,65.95083756110755,65.83643233423675,65.09343566908909,65.9423385488549,65.68612047707808,64.33546444994333,65.99545440060625,65.96089825355514,65.98038894839468,65.83326474047989,65.96256671845661,65.98858203620267,65.98380534707788,65.97694161613823,61.52439944378777,64.97697618457956,64.62804709478745,45.21544841759519,4.064123809268338,0.18213884299729144,1.1320010619461653,301733.7201602381,-1281.370090871822
0.025068407140332122,0.7263116218155623,0.2539436611846622,0.039562550982759334,0.05582332188038834,1.387614391363256,1.1673081397144098,1.3176214291799226,1.4808547205802765,0.17483923431042547,6.615055883948553,9.74449641560136,0.21247968034940617,0.18619419786685454,0.14505385326853049,9.879812825196012,1.5096977955255508,0.0003874522403353997,0.029135534620040676,0.07258786919034776,0.014343117006578879,0.028179606690793214,0.04330119120202733,0.01733952013319591,8338.811266089997,41.915987579008416
3.657932337170262,1.5074419484768247,0.009886145061116031,0.07282402296442941,0.027617040438542906,1.1001793613125885,59.05632153977746,11.844698267988594,0.24450334627503523,65.55611191410947,1.3545574072147737,3.187111518159622,2.4286774730573883,3.585859864735993,0.14156189919868,0.1317623784719037,0.16001752902916888,0.39058128855928226,0.04412959487028468,0.05677961579289726,0.044625704042669426,0.02722877819026505,0.013424669011346998,0.07470484830698537,37468.77193879141,-77.67553849221557
64.7526336414841,64.62599532777438,65.7564609737026,65.83049961529657,65.68246734470449,53.633893861608115,65.79364463203673,65.43907146223643,65.98110042400334,65.94448238609368,65.97285323329199,65.99476625029935,65.92965952715491,65.96157051998863,65.97669798554823,65.74247700112426,65.7981201507605,61.30672435979991,59.46287391173697,64.66066449018508,65.89484023692168,64.74015706668855,63.66405560143288,0.4154676788887315,324323.45563550945,-1407.9181776827622
64.7526336414841,64.62599532777438,64.924567427939,65.85242583399385,65.67549952133139,0.5552915979926745,65.79364463203673,64.89753501510994,65.82235015703442,65.94448238609368,65.97285323329199,65.97802366522964,65.92965952715491,65.65792238438203,65.96922218152824,65.74000299400835,52.74021872992794,61.30672435979991,5.7677902684785884,8.607516158889943,2.012716861504103,3.5176923005768925,64.06916361415384,53.68566774781303,275653.2544505091,-1158.7565995675295
0.16830985779194965,0.6839589871392342,0.24635081699572647,0.01886062606720399,0.05695389197664369,1.4481171639890693,1.1691249301979114,14.59588916357486,1.4426423396904084,0.14160214311370511,6.788125239895756,9.829153669363023,0.2112047004003666,2.3008578929959986,12.406696496003917,1.32211343338939,0.15513273172931602,0.38716578669914914,0.043817649688631145,0.0523387396323177,0.12198127139376888,0.0554645123962197,0.0433896806134887,0.07298064602977367,12985.722354952195,23.280767629232166
0.17929086707664948,1.855211657533386,0.05652103114310661,0.10594641404072289,0.021119019855045204,0.028132174066630544,14.332867301166608,13.843457733962499,0.7877825100996689,1.3054367127735118,4.4092350927952975,4.065115566275598,0.1450869728004745,59.551225361930115,0.21052594707245448,10.367725478245319,5.746763481164417,4.595974811677347,0.45035839159823315,0.54414493260699,0.06724909206786023,0.0061882291978776595,1.1338532986747611,0.07494190793557834,30203.92736362213,-46.84115398576015
0.021228624804147223,1.5244505790600582,0.05902763788603413,0.2019881333108522,0.05324442455727496,0.0009926749876811754,58.50539684921934,55.20336336275431,62.50138277803261,56.57963847900182,2.1018733885333702,3.4614054440899373,0.9403316807200329,65.65926478200412,63.47051030163436,61.27132901131195,0.05651069997549222,0.040367524463402804,0.15383627719162268,0.6467041382299734,0.16432407043591943,0.026454864324546575,0.028946870284011852,0.0009478515320921454,105582.43265815837,-355.630520448345
4.084515405742362,0.14741192794912045,0.44559713116803823,0.13587692833785636,2.700919384912698,0.09010674860394918,63.27259392830537,59.185805048319956,14.645049878976828,1.9176071419512772,0.4702312101023054,65.88802105930779,0.16628335835523225,65.53333540507818,5.270211390895588,9.457968824751251,0.027321077835704866,0.023078509691087934,0.03749045762799755,0.00035339849808596613,0.035037413260405485,0.022943018322603443,0.005463701111110379,0.0006247680260455142,72920.00291757009,-216.5208471171308
1.2005543360887927,65.39876219586512,1.3812266288858353,65.92248428384457,64.97836178248258,0.00019471980139995626,65.94286320926562,65.94977484795373,65.60069529142005,64.86942091374367,65.92656868852077,65.99452950488187,65.74269700518877,65.73529227065848,64.88362881724709,65.86169857806661,65.03568390034366,1.702740476980022,1.957750742926279,14.290208254008263,11.333811155365897,3.3548475975699876,3.589897576022473,0.30279814256931914,221569.57701873308,-879.9134909197008
64.22395970426443,57.54111882718789,58.94292636293638,65.91917668836389,64.92911827433821,1.4325948655514082,65.9957527348065,65.9787977267686,65.8725145865,59.79624228816642,65.91748154168599,65.40628562263686,65.49176330468845,65.99563220895556,65.99531669202415,65.0398700067129,60.693472982865856,0.6248990972376489,1.479982969780263,1.1032875272819795,4.185045733768131,0.1422010105124718,0.024467639587422485,0.15972725518562114,238215.10160080055,-955.848635651807
1.377963155020994,1.4910391062294195,0.050125162394916156,0.8933635733815084,1.1221698073609605,0.2173056236559065,65.0231141864767,57.421696015785436,60.041910778961295,65.22353828708594,56.956879010249494,8.337098989043945,0.23367391940067028,4.233638141990845,62.04989983251314,0.5967805031531963,1.3905187562554484,0.007953824926411016,0.1016653110344917,0.05415450334713412,0.10951949847631129,0.09952316831878616,0.029188697661562884,0.06331499872817349,93872.66806139224,-310.0830348514527
0.013209466425322683,1.5244505790600582,0.7665462373459749,60.93550452272804,0.05324442455727496,0.0009926749876811754,62.87579427248711,54.64531479160632,64.29509463805555,56.57963847900182,2.155064542436607,65.54622445648693,5.822175227753007,65.73597786798759,63.47051030163436,61.27132901131195,63.622187514230674,0.01893725980633887,0.024163117950737334,0.6467041382299734,0.16432407043591943,0.026454864324546575,0.04285853545822592,0.0024448741132710936,150278.7555695274,-553.1961458684153
64.52891528086438,3.1963863723809176,64.65811589470223,60.904974729432574,59.27789933641754,1.7168326044273474,65.99631339150443,65.43272174752705,65.8236106798581,65.55463579032593,65.94713652278067,65.9171820970189,65.82709133032067,65.98940154531589,65.70546219946063,65.9887355592662,65.58440880805114,2.109873553996896,1.6341085000413607,0.848800808557747,11.036055195094537,1.2900109455799633,0.7209839976908042,4.597140147882792,231677.4154960813,-923.2437970384987
0.026092112711540286,1.4985721655961255,0.0585520933265909,0.06804400904117228,0.18353869042180204,0.002125509239335737,63.263411928961034,1.6287258691442235,9.569282999505402,0.15597473858870692,0.058223326622129284,9.66237518432159,0.3651519526731284,61.46287142606971,62.98883089235001,9.879812825196012,0.014271060745130432,0.11357111397067701,0.03033742234062496,0.07258786919034776,0.017379451387312478,0.1542697641771884,0.029715158166232214,0.01946963436800466,54651.422046523076,-144.28018719811405
65.69807134269132,1.9393857100541891,4.2521074943826065,0.1883324249099516,64.36230071276267,1.2757710354850245,65.97863106014695,64.41440227420046,65.57847611100587,65.85968449515566,65.80289057558268,65.97757162162048,64.4773753408287,65.96126189012782,62.423457167577844,65.20151148086563,60.183717980942006,0.10392150340500694,0.15037086960598933,7.0708812846812945,4.4868977542302275,3.572234956972806,2.6736007910441755,0.12846043784147376,203707.1479317044,-790.7183163161208
63.36873687125935,65.42973867478403,62.62446683068894,65.94833581744925,64.9386183549978,50.64149674252017,65.98878292708977,65.99596628877958,65.99449388747252,65.78909979401114,65.95809950787289,65.99652478823619,65.92894219254461,65.99859072302596,65.67987822435025,65.66157590430944,65.97078343599772,59.92943717838928,64.97022131414174,65.3467809865872,63.959116936050265,61.106866627101965,65.24730586594698,65.0373581924778,334819.66506960127,-1466.4682180660848
0.023642171240739182,0.14741192794912045,0.007218866068337465,0.01609325081965208,0.07719450153504348,0.047587641928705404,58.43581642559997,65.47360005677913,60.02764313267826,0.015194691422174555,1.7455045757134275,3.7157566673092965,0.2598742083199941,0.9069680832148999,4.742357496266623,9.89539310966924,0.05853289219220832,0.025577923821033514,0.029907295772798922,0.849385147112253,0.06851753877001368,0.0197476253219992,0.01607459355483919,0.0006247680260455142,50922.36308830091,-129.5626245910858
1.1529518920037543,0.024667970046899704,0.0027969316772926966,0.07471356704037967,0.03973569285201317,0.005090977744912142,65.05242347953798,57.62530249427326,63.429645391608034,0.18516377087417624,59.484130283009726,63.24390814280576,2.495272399202044,62.442324105553645,57.63077104804605,60.98777932598853,0.028200444053029197,0.11369489588079357,0.038311026073563695,0.1424486470116321,0.10567337054316278,0.020150130629029823,0.03945908900938916,0.054768935181625227,120983.39063749522,-417.3763840106467
2.1988768686943327,1.94560619780363,0.2548884854640572,62.9079380459306,64.36122208127856,1.2238980557656944,62.36784853213345,65.2247392598576,65.42841356321821,58.59962595145835,60.230865954901105,65.80724094946486,2.548397678306207,65.88408890478759,64.72905903208049,62.41157869067681,1.7600435324669874,2.3169234134633343,61.35188165867737,0.5746493658771508,0.3358027277382341,0.05556751482712495,0.101689085924068,0.06261050526490297,181705.84965838908,-695.6404560560607
63.7964346154218,62.72107531900704,62.435718051918066,65.83032968073344,61.48104716770049,65.50821039026002,65.98061164092225,65.98835878118292,65.7603340526481,65.93183090721226,65.96358628932789,65.99501421795021,65.9283976506957,65.87841931937707,64.89269687483205,65.90602067555082,60.43968755471338,63.9311279826386,64.40006663394473,58.84815377880946,44.15883803686634,63.818567438647804,61.68752402243448,65.01134185483684,330509.204374944,-1445.2503929376317
63.80875447693234,65.49966120475648,62.435718051918066,65.83032968073344,61.48104716770049,0.7832416654907348,65.8673193927057,65.98585682661005,65.74826392026199,65.94326086120216,65.48298542945696,65.99808473333178,65.9222041605772,65.87841931937707,64.89269687483205,65.90654051823172,60.43968755471338,4.383933207125246,64.40006663394473,60.3888476345183,44.48563150343595,62.32385434610855,1.498163902073852,6.899173782647168,285863.2846590764,-1205.2407428486854
65.20112726444586,65.91215828215425,65.75691524982402,65.95931815044479,65.67622749575078,54.86163370708639,65.9869996603895,65.93513725483366,65.9748732374529,65.9828122789137,65.96451229482143,65.9946875045824,65.97202609067018,65.66431620763326,65.9694879124809,65.97305035793943,65.86985215029988,5.76272674014744,62.128898411036865,58.405299346229995,65.56478600574737,4.005341496480961,2.155342204503476,0.25495341407699135,292126.9524323748,-1229.8894827179465
65.19899428050323,65.43105986662641,64.66221719721752,65.93933745545627,65.68101176944947,65.24030452632928,65.97877758934047,65.99829575811916,65.97516503713257,65.98327766881147,65.9794008533197,65.99491730816787,65.92950742059445,65.99737953114239,65.88711678015606,65.97681730172081,65.61528817687615,60.01597990368568,64.96444073391643,60.25124604778435,65.91714594041697,6.631517523997779,4.322409687404195,62.06785130402017,317094.674627698,-1364.5964596621889
5.162517770423172,0.43140280495030525,0.7259155711013635,65.84268963474011,65.05685692926055,0.5766504073305949,65.99200852128824,64.89590476318486,65.98468379981239,65.94787717227433,65.96098175259073,65.98946996217168,65.72444059795654,65.65828739200677,65.6405140757562,65.84799507226684,65.77551378073122,4.430898328331411,5.465246236820804,9.21148592085315,3.59712707241091,3.384124940953611,1.4540155031516488,0.08231339775668808,208135.58918986516,-811.7959214081241
0.09856872244281456,1.5072265699487364,0.05831317173264672,0.06877844760298171,0.18373352272470855,0.0035264197171226593,64.96828900933068,55.79148923190566,9.614597388692907,2.12295996143024,2.10277821104294,3.6288691762167815,2.546916440288923,63.92581272840057,2.298097193554078,58.00986104893248,0.08161388399419339,0.11270090393049534,0.03031705133818968,0.6698806038383582,0.346396686356682,0.005646734656520557,0.028299222326880508,0.0019698935110433746,66041.40110702696,-191.1636422239166
0.19439331519929398,1.8060281459583925,0.2530282090617988,0.32888494625497305,6.732466273981563,0.8323720506603094,63.173837533622596,57.37233564662981,63.3969057692445,64.29893148531428,0.8810897853142023,63.21087930057009,1.0873378970527332,63.55781083362648,65.81179386659073,64.55283217673669,5.396749527034203,0.03349612588888137,0.14771659678375426,0.1740097388855956,0.20222159946548746,0.006620138970359731,0.13925778836862307,0.031993042187473016,127605.28525942992,-446.5799917934028
0.021228624804147223,1.5620634751337765,0.05902763788603413,0.2019881333108522,0.006622048754839176,0.053367624982235906,58.50539684921934,55.20336336275431,3.3947399874815076,56.57963847900182,2.1018733885333702,3.417075098181318,0.9390376918628279,65.8132239353055,63.477389665628806,0.5618752666503184,0.05651069997549222,0.040367524463402804,0.401848606067422,0.6467041382299734,0.16432407043591943,0.001537775114763492,0.028946870284011852,0.0009478515320921454,76878.42018613708,-236.19609880559406
65.97524117837945,62.74276233010565,65.6534777339329,65.95863056814952,64.94625755211486,65.28678923013662,65.98062948358269,65.92108578263478,65.96362098979361,65.94784244808739,65.98788319841267,65.98068088025309,65.83704154848688,65.99616535149157,64.89269687483205,64.43700980162342,65.57124539742735,61.502375488279874,65.03720888241408,64.49169434058166,65.45160982455783,12.72116624573467,3.8431961582439804,5.072984294295671,307829.32050493686,-1314.1562955835523
0.5043072926449823,0.07099496536200967,0.32817971399393503,0.07089555767225741,0.5110730784895068,0.061128143195814055,58.35907404094196,65.83417431820315,65.06111796048705,65.07002974213698,65.92666110198698,65.98895123026404,65.83181052487174,65.02884165569718,65.76490583270551,60.18983395415701,0.47993095569335076,0.12183086002477997,0.033993829106151674,1.5410021411557975,0.33207801875129567,0.17089000528399495,0.06129958105490931,0.029449501190828196,156360.84885190916,-570.3294540050713
0.9104858583645488,0.09745413835633654,0.32817971399393503,0.07089555767225741,0.5110730784895068,0.10923779017284152,65.30476866251603,65.83417431820315,65.06111796048705,65.07002974213698,65.98697511073284,65.55059084868748,65.83035078676626,65.02247840637251,62.142816678410945,3.267044323340535,7.332985045767965,0.12183086002477997,0.033993829106151674,0.008094815819441159,38.54953488853728,0.17089000528399495,1.4202718678389123,0.029449501190828196,152659.93400528308,-561.7217237882726
1.1313193596510716,0.041160661426469125,0.04234165095962195,0.04041698121512193,0.02080809196863473,0.0035100751572345107,4.849727713811099,55.79148923190566,4.458215142027656,2.1086665516607828,2.10277821104294,3.6288691762167815,2.3952276378189774,3.3870385333700703,2.298097193554078,58.00986104893248,0.08161388399419339,0.010439350031115804,0.03031705133818968,0.6698806038383582,0.3469218776269248,0.005646734656520557,0.028299222326880508,0.0019698935110433746,34191.39826240829,-64.44161587804189
0.021062115815826468,0.15382866812691642,0.2151388788021964,0.02446244925972242,0.023336771862352203,0.39199626911642627,1.0038318449365242,52.77174584544876,64.03127241503176,0.8009994642162466,3.4081653460347976,3.7157566673092965,0.2598742083199941,7.007253015372704,4.730019854150796,9.457968824751251,0.01263667418308866,0.0205830771475361,0.3899901778234708,0.07217339584497749,0.06831953027164826,0.019872856628133796,0.04349631607583178,0.0746961573665885,36433.32047241344,-71.67548082389686
64.70482669416081,2.158850668337937,58.99296334086603,65.91917668836389,64.92408549365891,1.2764000216291524,65.97835578245268,65.98016462412893,65.8725145865,59.79624228816642,65.9597396961183,65.96744715389679,65.48308796912708,65.99563220895556,65.99531669202415,65.03459667777688,65.91179718514246,0.6248990972376489,57.74605211063542,1.1032875272819795,4.185045733768131,0.12169771568096976,0.024467639587422485,0.15885771196219894,239482.08830265678,-962.8725053074597
61.24294980582837,60.179182090581904,64.27747188904958,65.94184055288596,62.01059974186923,58.062997822705775,65.96652809393937,65.93501416623478,65.97838961871807,65.53462512415848,65.96496477923995,65.99501042217027,65.8292216358522,65.91335702127724,64.89269687483205,65.98894854558266,65.57124539742735,61.56826489544619,62.05984735729234,64.49169434058166,65.45160982455783,12.04099817515946,3.8152602564752325,5.072984294295671,303489.5131219853,-1292.7427027261617
0.20146790011923954,0.02726770459772454,0.07191153004278049,0.11759410143622973,9.88620216222396,9.488388193395362,64.84636659922388,9.892711625577824,1.9593023244543981,7.993313178537676,1.6532350133168414,64.82408218811553,4.355456321689858,2.313479670819813,5.962464871067405,1.3945654730400463,0.14676964548664936,0.03060826495558247,0.04386729350290891,0.11421302486298524,0.0564883950455804,0.08456686890940447,0.03003509568141463,0.0040258883569823795,45144.657615915174,-108.45538333446007
0.025942783583571386,0.006350561412116679,0.016302694972074407,0.03968254265300197,0.020542801191558394,0.0021091646794420514,1.1477000714040315,1.473761296310684,4.4129007426314955,0.13774188126717846,0.058223326622129284,3.5777852423808416,0.21120402626290807,0.18619419786685454,0.14505385326853049,9.879812825196012,0.014271060745130432,0.0003874522403353997,0.02901571407216447,0.07258786919034776,0.014343117006578879,0.0023649103097485233,0.007297755850597458,0.019971088323734384,5188.635250520501,55.54145302055893
1.1717470717402205,0.027211269088840057,1.3812266288858353,2.6073619616006454,0.10823274721708442,0.00019471980139995626,65.94286320926562,65.56171839592977,65.6126117308062,64.83237356107595,65.92664788148741,65.46212411190378,64.83651169431042,65.73966762994017,65.3927081267203,65.8611787353857,6.678599116932151,4.089046949675199,0.3561291751858388,9.406666493421909,0.11630786710640088,0.04047499148734729,0.04074891748541043,0.07898790438203647,163730.55701567794,-604.2283408908356
62.68400737774243,1.7646877255054534,4.161137279110793,1.4580886908377906,65.68465914554024,0.05802464775150645,61.77963840818691,65.65223892208077,3.59046238832007,56.35890414475527,65.98663391782232,62.087415861497874,56.87059494948786,65.99763211640355,65.9699271547907,65.9927024511925,5.7943064933093895,4.4369559220208235,0.517339515176625,7.270477420881932,2.101261749080365,3.8645482906282598,0.11799095222294725,0.10884178994087566,172124.19362775286,-653.2654773142872
0.20178555784660035,0.3103719059030272,0.015176641473641728,5.757206738508742,9.852394732610726,0.19633997648012413,63.02226553927951,64.42207273803133,64.91493329013262,5.813489497494061,2.191155058525476,3.8680188250258425,2.634578747780683,65.04538349951133,5.891256139762511,4.326491519040271,3.683899506644856,0.23420321216308598,0.10077374206519261,0.0902824046708568,3.167339010076706,0.10106144428056535,0.09926342524422964,0.2480103151950135,75132.38886981811,-229.14475346774702
0.15870193766446697,0.001409879809015413,0.05363970182612962,0.10587572248216796,0.01863861992943082,0.028132174066630544,10.945381634491751,13.843457733962499,0.8220014977962036,1.3497755532990907,2.5032883644555994,3.662342506333296,0.13904457840617113,59.755231898687384,0.07992965001460517,10.362011024800765,5.740339686425298,0.1675787617600449,0.05132480238286506,0.06128149797314225,0.06834720607775766,0.0061882291978776595,1.1167902490634796,0.002644924960103691,27440.108215205328,-34.00035783586578
0.021228624804147223,0.2511701869902274,0.0018946217042999126,0.07057919730502932,0.18381637069953313,0.05243331613880914,58.50539684921934,48.82743610912621,2.3295667668727873,4.105953323473319,4.463441785365321,4.058925095606497,0.9403316807200329,65.63433153104071,3.9272078759498927,4.353408914188005,0.05240122742384168,0.02582248325839873,0.03465060353127673,0.1477283539865128,0.15482375976692642,0.010259911721167424,0.028391012958507315,0.0019708402895377477,49420.96557975045,-121.14017044214032
65.92119384415156,65.44351980533611,65.45878654217681,65.91482332655691,65.76215173867956,65.76587796356553,65.93844152125378,65.99829432275673,65.9812646958838,65.7449620352729,65.97856591052404,65.91916154780603,65.94856720355506,65.99740909708107,65.94489129728626,65.97114539289271,65.60293909156472,61.29602002985537,64.39109851919925,64.71684415847892,45.054645581545074,65.96319617923947,4.321827974496553,53.58728445660592,323476.10140494065,-1401.5799122357641
65.97932461138811,65.4298955935014,65.71205738887019,65.78946449561799,65.67873725703818,65.78823784851649,65.97883738763683,65.97131378599927,65.95941346236089,65.98069294362767,65.96004340514762,65.99319601525072,65.9662939930753,65.99496916057049,65.64052046887237,65.69525062416575,65.97603744019025,5.807659656799533,65.36164369649632,12.255465038910451,10.839467628580675,3.411211281458403,0.7377374420597391,1.162580257482766,275149.1829414405,-1142.0270508836174
64.91883762394623,0.25547846093298754,0.760200943830674,63.650941014914736,61.63427860692446,1.4229318848827992,62.896867901157606,65.34830332026507,65.60781767312763,65.9862846429859,65.7189325864306,65.92024436077098,65.72419682652668,65.65828739200677,65.61713302100519,65.86041296733123,64.46925395018988,4.430898328331411,5.465246236820804,9.21148592085315,3.2466371388095703,0.2979154922451175,0.04183129134658754,0.02652086747640982,218070.3778213829,-857.1279384531124
0.19439331519929398,1.8060281459583925,0.2530282090617988,0.32888494625497305,6.732466273981563,0.8323720506603094,63.173837533622596,57.374857002480155,63.3969057692445,64.29893148531428,0.8810897853142023,63.21087930057009,1.0873378970527332,63.55937696141912,65.81089607121704,65.22828764577869,5.396749527034203,0.03349612588888137,0.14771659678375426,1.8299555506199656,0.20222159946548746,0.01028585341184653,0.13925778836862307,5.034185315650047,128993.58653375029,-453.92044075035255
0.2101719987599242,5.155902875053012,1.3761147400247902,0.6335971927214472,63.7427644570186,0.43193565747605955,65.49931191521577,65.69963945840881,65.58743609971815,58.67459414408293,65.94922947373252,65.80427098353884,64.50118922574649,65.69808271182801,65.36752580205413,62.411426794870785,5.621279335853842,0.10781575651093858,0.3540695746396123,8.222255911178937,0.1590686748424698,0.11675849155321702,0.04384905494380476,0.18433660880784267,174554.10695271642,-654.5096269385809
0.5043072926449823,0.07099496536200967,0.34912807987559236,0.07089555767225741,0.5110730784895068,0.06111255997986874,58.35907404094196,65.83417431820315,65.06111796048705,65.73209474238129,65.92666110198698,65.98895123026404,65.83181052487174,65.03608718248728,57.57973097366969,60.18983395415701,0.026503248154081505,0.11388852071048264,0.033993829106151674,1.5410021411557975,0.33207801875129567,0.17089000528399495,0.06129958105490931,0.029449501190828196,154462.36540709343,-562.3731524088819
65.94243983336594,63.94589775855122,65.83304370681263,65.99656141276073,65.66569354573839,53.60175537255283,65.24816845289823,65.87116435926343,65.97516503713257,65.85951551603105,65.9794008533197,65.37876757609787,65.72991463255299,65.67275565012648,65.96256372783775,65.97625017374129,65.52974325881895,8.579395668293106,64.39109851919925,59.38067312063057,45.054645581545074,61.16347190755907,3.9554437079525684,0.25307238028515244,298882.36975974304,-1269.9036017530668
1.1717470717402205,0.027211269088840057,1.3812266288858353,2.6073619616006454,0.10823274721708442,0.00019471980139995626,65.94286320926562,65.56171839592977,65.6126117308062,54.50685802142669,65.92664788148741,65.46212411190378,64.83651169431042,65.73966762994017,62.52611678333471,65.7795602104936,6.678599116932151,4.089046949675199,0.3561291751858388,0.9648094213146674,0.11630786710640088,0.04047499148734729,0.04121058550891767,0.07898790438203647,158944.24129145622,-582.5132200788249
0.10047961689473463,1.1977229179683166,0.24624439328816,2.405969925900429,64.36122208127856,1.2238980557656944,61.765640971320366,65.2247392598576,61.9838264859272,58.59962595145835,57.37821726426633,65.80724094946486,2.548397678306207,65.88408890478759,64.72905903208049,62.41157869067681,1.7600435324669874,2.281042981754987,60.89121936681228,0.5746493658771508,0.10988317114678675,0.00666344513060485,0.101689085924068,0.06263361127008032,166213.72571973552,-624.6127767396247
0.19439331519929398,1.8060281459583925,0.11972731100223677,0.32888494625497305,6.689722994498391,0.8331016574875034,62.35911550845354,57.37233564662981,63.3969057692445,64.29893148531428,0.8810897853142023,63.21087930057009,1.0873378970527332,62.80197094338029,59.70376061696994,65.21776502342158,5.396749527034203,0.03349612588888137,0.14771659678375426,0.1740097388855956,0.20222159946548746,0.006620138970359731,0.13987400737255462,0.029847436244350913,125863.93172890144,-439.3894855173969
0.17929086707664948,1.8505339954087177,0.2348021965143618,0.10594641404072289,0.022969313369490124,0.028132174066630544,10.945381634491751,13.843457733962499,59.3366833617845,1.3165706690765617,2.484240711602344,3.662342506333296,0.13607129504600113,59.755231898687384,0.07992965001460517,10.367725478245319,5.613829547463924,4.526866635740639,0.45035839159823315,0.5055758324715361,0.06834740171458611,0.0061882291978776595,1.1338532986747611,0.07494190793557834,43133.187793014135,-99.68627114451797
0.14116392617412177,0.01089600094649873,0.25071547184676557,0.01886062606720399,0.04071050825408785,1.1166946039655021,1.5186064540106443,59.4321318231726,1.443693936871059,0.8320783755629311,4.182542786373124,9.813241221574023,3.6539303202628495,2.2951085705636047,0.5563193210564439,0.8678627340093292,0.1723994840964973,0.12869090837631394,0.0345829395320795,0.05188858496469599,0.03233116891609729,0.0036075943754633015,0.04328327720687641,0.07405172673091667,21259.311595484476,-9.67239236490973
64.52891528086438,59.618607350899644,2.183691228724114,65.94090142351682,62.13345338312252,10.16194213431995,65.29981645006967,65.4239750116803,65.8236106798581,65.5175703711242,65.94713652278067,65.9171820970189,65.82709133032067,65.9617377734254,65.91252476045705,65.9887355592662,65.59441053437968,2.109873553996896,1.6341085000413607,0.848800808557747,10.786008786307328,0.20879750922794493,1.6611068697482438,4.597140147882792,233296.33197659277,-932.5841380675904
0.5043072926449823,0.09745413835633654,0.32817971399393503,0.07089555767225741,0.5110730784895068,0.06372730116955877,58.395989602241,65.83417431820315,65.06111796048705,65.07002974213698,65.92679003527769,65.55059084868748,65.83181052487174,65.02884165569718,62.142816678410945,3.267044323340535,0.4942910624669994,0.12183086002477997,0.033993829106151674,0.008094815819441159,0.33207801875129567,0.17089000528399495,0.060935857469502475,0.029449501190828196,141674.1802335294,-507.8934067217933
0.005089278471575809,0.41766315070776283,1.379662992433591,1.224566400542055,65.68171854329341,1.3795357570640585,65.76867074989343,65.17341910679657,65.94279517453398,65.73711594344289,65.82378060750243,65.80332143839463,65.78864207422579,65.73195310478572,65.77276731993504,64.55273645372745,5.436554702551785,4.4526522084273745,0.2433163229293574,8.570722178182127,0.36092363160362556,0.0327568109485008,0.20263870200612666,0.05287727460872446,177718.59312601597,-668.4928799270081
65.98131068452508,65.55856718261406,65.54706739043367,65.82108141899631,65.83235951999939,65.72211640510166,65.33017224444805,65.04148663123442,65.95792941305973,65.98777969352918,65.96290606080814,65.96536637825487,65.94765269098983,65.87841931937707,65.96514828003393,61.186818467421894,65.56075622978044,57.936407233393126,65.1163442272777,64.25451656292003,65.8958745619651,65.1481818560995,63.69815173898034,2.8525912406923304,326700.1652954444,-1421.106005431936
60.96612037039112,57.38560967354299,59.71827921041347,62.97253520895207,65.14042457531015,0.03208513764490074,65.9614984914087,64.93196552237549,62.39416943209353,53.84797960291182,65.85256886548595,65.39327789978766,65.81884768452488,65.96444751062961,65.93142789756482,64.4295959521208,65.52403762656371,0.7663123519631283,0.3601519799016677,2.213864343475582,2.9644081322392157,4.513131996857698,0.05780807392991999,0.015780849840230537,235700.72584766685,-946.113328389929
0.1970489118660188,0.6790277510793157,0.3575038405579787,0.02555354427135942,3.867389932192133,0.8481212260333743,65.40602583411737,65.5401933723383,65.34236944746945,65.66196128638201,65.96017210232401,65.36550297005344,2.8120369376428975,65.87164682010966,65.62440663002849,12.228374363614098,2.469016278812056,0.3879529799247019,0.12953068347754762,0.014554554169426082,0.19663076114435085,0.11326414258855899,0.03859765069445909,5.08355593803473,134934.33464153085,-477.17743795892574
65.27098916776436,1.9393857100541891,64.66788936135863,64.96479641568818,65.84744316367421,58.60380987204421,65.97867873233287,64.41440227420046,65.1315001473354,65.98910301900463,65.79726409768917,65.91762850938252,64.4773753408287,65.69239080964934,65.85020945895937,65.98420488021765,60.12857323100035,2.1031811191549874,0.2808243929599469,59.83592449951749,2.7849020258878006,3.572234956972806,2.6520823561764573,0.009798778825424466,252708.64695434115,-1030.8515923206792
0.10702765618501298,0.6790277510793157,2.0461778231935126,0.02555354427135942,63.0055646700375,8.188792892819022,65.40602583411737,64.8734592997483,61.89681372952484,5.293761154130721,63.45394122775374,65.90741903590099,61.67101662777354,65.02333532454135,63.12897810007787,10.865018189690272,2.3667619187388196,0.39204891911179174,0.10166114057742665,0.04494062667174481,0.11139691315191144,0.029649542086532144,0.039159907482329705,0.12354927556865986,144862.01994914905,-527.738081104234
65.92119384415156,63.94589775855122,65.83304370681263,65.99643876658972,65.67606876976787,53.60175537255283,65.9834284795474,65.9581517909453,65.97516503713257,65.98618121596412,65.9794008533197,65.99056270955879,65.72991463255299,65.99323653211495,65.96515723806111,65.97625017374129,65.60293909156472,7.909568254125858,64.39109851919925,60.253552866381575,45.054645581545074,63.63043762356786,4.217294915710665,0.25308456845321103,299895.00406050606,-1274.7814683019124
65.34020379624818,65.4298955935014,65.71205738887019,65.80109382842595,65.72232655884761,65.55043444844327,65.99259058846101,65.97131378599927,65.95941346236089,65.98057358483214,65.96004340514762,65.99319601525072,65.94496016961537,65.99496916057049,65.64320254179383,65.98056332775785,65.97574890453329,5.807659656799533,62.820682765537214,59.711172027457664,44.66993519818789,0.2943459074409738,0.7377374420597391,1.1480939615522494,289736.3188405291,-1217.0992135196943
1.1529518920037543,0.027425432335102546,0.05831317173264672,0.19908336707142235,0.033741877062051694,0.0030599039580656573,65.05242347953798,57.62691553009079,63.429645391608034,2.12295996143024,59.77457278489597,65.35533361768042,2.526117491975004,64.97451383968107,57.63077104804605,60.98777932598853,0.15463366406725726,0.11369489588079357,0.03424857200777223,0.1424486470116321,0.10567337054316278,0.0013508524978157709,0.03945908900938916,0.054768935181625227,122746.80305003915,-424.5588861412965
0.19439331519929398,0.11894807725013923,0.03593689484855205,0.07619779399450684,0.023455759660242437,0.09973285208817195,63.29584055647407,57.40754393845891,63.3969057692445,2.6834415004836707,3.093126123030711,63.3031205422266,0.8978269124759375,63.551434043750156,65.72312089720818,3.650529278737441,4.824700281893999,0.010501137914588283,0.027280205790025713,0.035118709344481025,0.12283040542063307,0.031127961303521152,0.014023751190067102,0.0028948188303004815,96879.74343262616,-315.5770315268187
64.90029307079895,57.72521291415287,63.380353558102534,64.96479641568818,65.71208308422379,0.5172014614789688,65.9917282675098,64.41440227420046,65.99403133032439,65.8545244609623,65.92252476510944,65.99103363846872,64.50133296548472,65.96126189012782,64.64259208843896,65.2026134173902,65.65552616284455,0.4252413351787716,3.358469007679698,8.965957164815297,4.362139035918206,0.34691642775892717,2.6388689055728687,0.3060432996152802,243263.49047054444,-980.6921469418457
0.1880050979651084,0.09745413835633654,0.07030136405986803,0.07089555767225741,0.5110730784895068,0.06372730116955877,58.395989602241,7.693638962705311,64.44149470178942,7.421739843827417,65.37999071122888,65.52096416113378,65.83181052487174,65.02884165569718,63.55422643571703,3.267044323340535,0.47993095569335076,0.03497933877591072,0.033993829106151674,0.008094815819441159,0.3044681916054258,0.08513196226019808,0.060935857469502475,0.029449501190828196,113495.50164323789,-391.53118191218573
0.13802601695554273,5.494190090820588,2.158316898917427,65.76867782531248,63.02668125777276,8.658536756558394,65.2951980009765,65.9561455518181,65.9748732374529,65.96284573263432,64.58723214628567,65.79368943259072,63.12162590494625,63.82902897700997,65.91040814123595,65.9061449456103,60.307664290203675,6.036715721935645,1.280415892028408,8.05062535867798,9.484068759582772,2.712837413217425,1.38601040067557,0.04007453246969561,207344.7441620432,-809.8370332856891
65.94896015197088,65.55856718261406,65.54706739043367,65.82108141899631,65.83235951999939,65.7312633901865,65.6633368722487,65.04148663123442,65.95792941305973,65.98777969352918,65.96290606080814,65.96536637825487,65.94765269098983,65.88265262585867,65.96514828003393,61.186818467421894,65.56075622978044,57.936407233393126,65.1163442272777,64.25451656292003,65.8958745619651,65.30757511655426,63.69815173898034,2.8525912406923304,326807.7120708115,-1421.5795930792035
0.1901616680483198,1.7776556648696018,0.2278471543065248,7.032558783901484,0.20024407430352653,0.005781634681100434,65.42374790496866,65.65636545172889,65.49512069452773,58.91880540902479,3.290873059906655,65.78231419018408,3.164987980588797,64.9199882946713,0.24764076893356535,0.7149765751817583,5.1742812834824345,4.427103148876407,0.03010079732271445,1.5458807818226294,0.1662705132500621,0.006836379021509894,0.02059912244471085,0.15527526636224637,101538.72715629103,-337.5324166024095
4.534130487736327,0.6790277510793157,0.3575038405579787,0.02555354427135942,3.867389932192133,1.5865786034208478,65.40602583411737,65.5401933723383,65.34236944746945,65.72576766057631,65.96017210232401,65.36550297005344,2.8120369376428975,65.97897711200439,65.62440663002849,12.228374363614098,2.469016278812056,0.39204891911179174,0.12953068347754762,0.014554554169426082,0.33467772827450426,0.11326414258855899,0.03859765069445909,5.796875973964841,136223.6750502945,-483.27957652051987
2.1968911070533887,1.7504432005274033,0.3575038405579787,0.02555354427135942,3.765412585333266,8.188792892819022,65.42438369510616,64.88145540558246,65.34252756228162,58.17355606906574,63.47348506545636,65.90741903590099,0.24624710601294963,65.00415661344996,65.37734453020568,10.865018189690272,1.4689207450526287,0.3779739181153585,0.09998040985204038,0.045223114930513966,0.40444124392527736,0.029649542086532144,0.039047007345762205,0.12354927556865986,132363.9740377246,-466.5259757001914
65.92119384415156,65.42581566234978,65.83676077874583,65.99674378898233,65.68246734470449,53.60175537255283,65.9834284795474,65.99829432275673,65.97516503713257,65.98625624084536,65.9794008533197,65.99488940557065,65.94856720355506,65.99740909708107,65.96803084556187,65.97625017374129,65.60293909156472,60.071881277473686,64.39109851919925,60.253552866381575,45.054645581545074,65.96319617923947,4.322409687404195,53.58728445660592,320152.4869333948,-1384.4764361100124
0.021228624804147223,1.5620634751337765,0.05649942549128011,0.19936882544033555,0.006622048754839176,0.0036877712902599093,58.50539684921934,54.12040190622935,0.7596523345810688,57.51638333143546,2.1018733885333702,3.417075098181318,0.9390376918628279,65.8132239353055,0.29040584507111816,0.5618752666503184,0.05651069997549222,0.040367524463402804,0.401848606067422,0.6467041382299734,0.06362281648899007,0.001537775114763492,0.028946870284011852,0.0009478515320921454,60984.796303227566,-170.07228210014046
65.98952100857815,65.44104687225811,65.68805907114154,65.98779747992846,65.7580352134677,65.94331615042505,65.99242614791109,65.99862286823502,65.99449388747252,65.98787607779,65.98263517869643,65.99641165692428,65.95093057310393,65.99859072302596,65.96923544402354,65.99264736942213,65.99532696863012,59.473148095323836,65.64417238789166,64.7584956418491,65.38807488997593,64.73672911671086,3.8913652254464814,65.0373581924778,329422.8364743758,-1432.5533162407096
65.20112726444586,64.8293017729562,65.83308308521569,65.95912032717155,65.66430401791807,55.308645630497686,65.9869996603895,65.9561455518181,65.8518701257394,65.96284573263432,65.96451229482143,65.92177262620243,65.71669047402084,65.66431620763326,65.91040814123595,65.91277951874928,65.86449824714674,4.437380421264318,1.280415892028408,7.937675485479159,46.55888598609921,0.10195212807789811,1.4037845940142857,0.04007453246969561,265408.7265695118,-1092.2255897180291
65.0836097158391,2.3913476386473356,62.89181292118543,64.78251108338223,65.67847605969483,65.63107996004906,65.9733291644846,65.68982988493538,65.7603100746926,65.99545440060625,65.9520771954974,65.56099853962564,65.92820540993907,65.6294076993416,62.72209097598909,65.97109893391038,58.816160384980634,60.818996897436186,65.12613273240339,63.11879568695689,65.62503614035035,60.8819500844012,63.23442942880116,1.1320010619461653,311207.9484987309,-1343.3521420750958
0.1901616680483198,1.7776556648696018,0.028574786158573964,7.032558783901484,0.20024407430352653,0.005781634681100434,65.42374790496866,65.65636545172889,65.49512069452773,58.963060970256535,3.290873059906655,65.78231419018408,3.164987980588797,64.9199882946713,0.24764076893356535,0.7149765751817583,5.1742812834824345,0.8203075981725605,0.03010079732271445,1.5374381166440754,0.1662797643027648,0.006836379021509894,0.02059912244471085,0.15527526636224637,100827.10803418202,-333.7621708306636
0.19439331519929398,1.8060281459583925,3.402349246724202,0.07720730969078152,5.8734396390740375,1.457308196158523,65.66578445600088,57.63875664928517,63.3969057692445,64.28013710444611,6.707312636313372,65.96202105626986,65.68584209074623,65.91929259473072,65.81089607121704,8.017932357486139,5.396749527034203,0.38481953787859985,0.5153012889221376,0.15489452382167068,0.12155247620565576,0.05521854943368033,1.4192823761868936,0.4918429431287503,132983.84955532342,-473.3922678611569
65.25168793998562,65.44762800719886,64.62977479878862,65.99327646015051,65.7223408213659,11.62669218079676,65.99138380398797,65.95462576617815,65.83042804692191,65.99638032075448,65.96098175259073,65.90906623315873,65.95708158062796,65.96252644847762,65.90932691879537,65.98767340917783,65.77719417365395,5.740238092290037,61.75668703508532,9.376988389208346,10.893230863329382,3.3862239146472595,1.422424916149053,3.924148887755411,263521.92960796424,-1083.3650107610756
1.1706263242178718,0.027599620075909697,1.3600265180831033,5.846288611712971,2.029453056022085,0.0019210801327109515,64.96828900933068,13.701697789680278,9.614597388692907,64.25220303835168,1.6622133032640989,64.67081075563334,0.15810809438705542,65.81190907470972,65.33155086905592,4.45485401845724,0.142899778883274,0.3696374131650626,0.030335537733182694,0.05050950524409803,0.35412751678365706,0.020227455727160573,0.017667949442580544,0.001840985176736018,89683.24485317044,-289.00639469396333
5.162517770423172,0.43140280495030525,0.7259155711013635,65.76679005088508,61.46620867738374,0.5766504073305949,65.99200852128824,64.89590476318486,65.98468379981239,65.9771074769387,65.96086513073078,65.97592803304657,65.72444059795654,65.65828739200677,65.6405140757562,65.84799507226684,65.77551378073122,4.430898328331411,5.497880272921933,0.2301915376704251,3.59712707241091,3.384124940953611,1.4540155031516488,0.08231339775668808,205611.67744121776,-799.19628497899
0.026092112711540286,0.006350561412116679,0.042580572553566065,0.03968254265300197,0.020542801191558394,0.0021091646794420514,3.621817720492846,1.6287258691442235,4.4129007426314955,0.13774188126717846,0.058223326622129284,9.66237518432159,0.21120402626290807,0.18619419786685454,62.98883089235001,9.879812825196012,0.014271060745130432,0.011203670898562279,0.03033742234062496,0.07258786919034776,0.01671860125571656,0.1542697641771884,0.029715158166232214,0.01946963436800466,22498.332857127,-16.230757602498286
63.29590261305589,1.5465872635505065,2.1085790343189545,0.6546360798105014,63.38334412675804,1.517996020891381,65.28322603834232,57.83933211270795,62.21295442051166,65.86019748714642,65.8028347729274,65.37527914684193,58.715553386384286,65.71891242603775,65.68179917664435,64.40956026099701,2.3404273091773007,0.14915643213195984,0.1016719633885312,0.1268569408250761,0.376392796209049,4.05858204984002,1.4299955829494895,0.23874682225679913,184549.9324871331,-701.1855242637046
4.203702745867482,56.88695840354146,5.994260083491344,61.35431250042827,60.7411708201993,2.0210860041356895,62.70820366225947,57.132804382012665,65.88989761630195,65.30713788102722,63.9098447171627,65.69761074327577,65.83973204991759,65.01457597075063,64.6575042555739,62.52991030283079,5.50359805569119,0.28306082240462516,2.310420483115284,9.750024168845506,0.5623326883868183,2.67380717619803,0.11054308722607387,0.029637588354130575,199000.33298849766,-774.0691362089979
65.19899428050323,65.42870225810947,64.66221719721752,65.97410826808081,60.75973273230944,0.5533403369329477,65.8374515191724,65.99829575811916,65.88650752804723,65.94894493508056,65.9794008533197,65.70212616837121,65.84145518904903,65.99737953114239,65.90706103516713,65.95634728803732,65.61528817687615,3.145049149297158,64.96444073391643,60.328830624022444,0.17188717248347274,2.7181300607009957,4.322409687404195,5.182400877114381,268622.25598162774,-1111.0375013604748
63.80875447693234,65.50201881327342,62.435718051918066,65.83032968073344,61.48104716770049,65.50821039026002,65.8673193927057,65.98585682661005,65.74826392026199,65.94326086120216,65.48298542945696,65.99808473333178,65.9222041605772,65.87841931937707,64.89269687483205,65.90654051823172,60.43968755471338,4.383933207125246,64.40006663394473,60.3888476345183,44.48563150343595,63.686939532397844,1.498163902073852,63.84512417299829,309188.82996199885,-1328.277104758612
0.14809855967592367,6.790723596746639,0.058850182756013544,0.6087745222624932,0.006622048754839176,0.39818487367820954,58.50539684921934,55.20336336275431,3.3947399874815076,57.3512791255298,2.1018733885333702,3.417075098181318,0.9390376918628279,65.8132239353055,0.3065258013937395,62.828728184114766,0.05651069997549222,1.7673026067281503,0.401848606067422,0.5857587944533016,0.16432407043591943,0.001537775114763492,0.11291763195366628,0.05958042836890015,78164.06376588531,-243.97927782134818
0.021228624804147223,0.2511701869902274,0.0018946217042999126,0.07057919730502932,0.18381637069953313,0.05243331613880914,55.111423713065605,48.82743610912621,2.3637863226620546,4.117088622409494,2.3998447496634356,3.6561520356641957,0.9343944428714022,65.77685741111755,3.9272078759498927,4.353408914188005,0.05240122742384168,0.02582248325839873,0.03465060353127673,0.1477283539865128,0.1559220701250369,0.010259911721167424,0.028391012958507315,0.0019708402895377477,48028.80803106699,-115.46286901765417
64.52891528086438,59.618607350899644,64.29209532813172,65.94090142351682,62.13345338312252,58.180906542714695,65.27385984739632,65.42621095193518,65.8236106798581,65.5175703711242,65.96501152354665,65.9171820970189,65.8266137886329,65.9617377734254,65.91252476045705,65.9887355592662,65.59441053437968,2.109873553996896,1.6341085000413607,0.8366896943990678,44.992280970485865,3.9699679093464195,2.186338623581389,4.597140147882792,262949.89073005866,-1081.1857465960243
64.60997303800728,2.5883727832192847,59.13833087023007,61.96074170786327,65.23562575530565,1.4988622443798254,65.99918676116026,65.93936565870408,62.31621783884037,53.256605751400016,65.9423719399411,65.41151853289556,65.4588972442878,65.90616245223212,62.52205994034398,65.77725873759644,65.781181825847,0.4001018713673166,0.36749996185169476,9.297350805096048,0.34629667308595513,0.24969522233938313,0.02860495388501165,5.387614221206286,226090.12866063352,-898.3768967910858
0.021228624804147223,0.641967655296297,0.0018946217042999126,0.07057919730502932,0.18381637069953313,0.057533654190706336,58.50539684921934,48.82743610912621,64.32237121955964,4.105953323473319,4.4605572836485035,4.336326078554006,0.9403316807200329,65.63433153104071,3.142039829896053,4.351139793758069,0.05240122742384168,0.02582248325839873,0.03465060353127673,0.1477283539865128,0.15482375976692642,0.010259911721167424,0.028391012958507315,0.0019708402895377477,64544.142787415476,-183.0159520159321
65.92646687926842,2.4736133034561187,1.3061266893572112,65.60405559308491,61.62203143786963,1.392770994964593,65.67698527801302,65.34965654312174,65.92102327494109,65.94919620361894,65.97368504675651,65.3997636838939,65.82439315779187,65.64070267115247,65.51606021266349,61.331584957475094,60.76221602957459,2.475902963249128,0.2159032173755917,1.9182830100124217,4.2641474136676045,0.15332909259290975,0.22492752282830486,1.9959172258205777,215848.83833527705,-845.87574240255
63.79665205152094,58.71474596343505,59.13833087023007,61.903644272013764,61.48024695698874,1.4237111561913451,65.98784992748622,65.93936565870408,62.304553690420086,54.17677753777208,65.94225531808115,65.40387102122196,65.4588972442878,65.96176916665307,62.52205994034398,64.51130357842379,60.45861379541739,0.7967321153806453,0.3473571109977134,0.15124085287989905,3.065835656030882,0.24969522233938313,0.02860495388501165,5.387614221206286,233921.3028232123,-938.1087282819113
0.023653419716627544,2.2663823962807492,0.44559713116803823,0.13610399020831257,9.721078115313555,1.708954215925729,63.27259392830537,57.88454683332142,60.223067938256754,2.812286388438064,1.7455045757134275,65.90181434259671,0.2598742083199941,65.97867168859503,4.728446400054957,61.62223052240884,1.537991862457821,0.024036408782156363,0.03749045762799755,0.6788681866032409,0.06837714047554071,0.019872856628133796,0.017608829782318466,0.0006247680260455142,98431.37489384296,-324.0726766050068
0.023653419716627544,2.2663823962807492,0.44559713116803823,0.13610399020831257,9.721078115313555,1.708954215925729,63.27259392830537,57.88454683332142,60.223067938256754,2.812286388438064,1.7455045757134275,65.90181434259671,2.659687639070178,65.97867168859503,4.728446400054957,61.62223052240884,1.537991862457821,0.024036408782156363,0.03749045762799755,0.6788681866032409,0.06837714047554071,0.15275443589818472,0.04056970064683508,0.0006502995031220108,98994.63772581863,-326.62835801736867
65.20112726444586,7.330407733326403,64.62245703647707,65.95931815044479,65.67622749575078,12.702793975215243,65.9869996603895,65.99363762377779,65.9748732374529,65.98285596073072,65.96119060384831,65.9946875045824,65.97202609067018,65.6651631408211,65.91544238214433,65.97305035793943,65.86985215029988,5.740345314502738,61.76840609723762,58.405299346229995,11.573699738508282,4.005341496480961,1.4280779668984631,0.25495341407699135,261145.73322010398,-1072.9152337422518
64.2867247213977,1.7613013147083534,63.41955665126774,0.188174949223209,1.0151782025448668,1.2755541010994804,65.94094470809812,65.81811062959635,65.5787788314238,65.9512494852975,65.98614086299236,65.55059084868748,65.91499680024535,65.84622790256262,65.94934168964451,63.67138898598977,7.105204533796787,0.11108155628476224,0.018656225767784473,0.05893995216100745,43.27823954802737,0.28010421184001455,1.5007260181913409,0.029449501190828196,196893.999602573,-763.4936622320391
0.023585657171373994,0.14741192794912045,0.44559713116803823,0.09795197767470304,0.023336771862352203,0.04739115845262434,63.27259392830537,58.925909898376716,60.40601835072482,2.7262495291487845,1.7455045757134275,3.7157566673092965,3.575522551874659,65.0435600186093,2.821549111114038,10.633164072730715,0.029509178038136158,0.02851168119291278,0.029907295772798922,0.12417099676825868,0.06642567785143776,0.019872856628133796,0.006914931253342433,0.002396132209370322,67933.09878492824,-196.91581207789972
1.1390541107921515,0.7279086503252501,0.2531690034622014,0.025289480881842824,6.659145252671443,1.4481171639890693,1.3614662192359646,14.59588916357486,1.4426423396904084,62.96059968311204,6.788125239895756,9.829153669363023,2.3460216296529084,63.84095599558026,12.406696496003917,4.036146047427064,0.0851282743839703,0.38716578669914914,0.15200076654155725,0.08179452940820542,0.12036661282889304,0.0065786523204567765,0.042063732215937705,0.07300375203495102,46356.42591580843,-113.76548225209129
4.227896987181255,56.88695840354146,5.994260083491344,61.35431250042827,60.7411708201993,2.0210860041356895,62.70820366225947,57.132804382012665,65.88989761630195,65.30713788102722,63.9098447171627,65.69761074327577,65.83973204991759,65.01457597075063,64.6575042555739,62.52991030283079,5.436943199410212,0.28306082240462516,2.310420483115284,9.69764477302197,0.35967985142751563,2.67380717619803,0.11054308722607387,0.029637588354130575,198941.81838245486,-773.7716433612478
65.97210580706779,65.42973867478403,65.7516968122748,65.94833581744925,65.66597981412455,50.76492901763626,65.99237847420645,65.96597546926752,65.99449388747252,65.98947297609884,65.96937950963813,65.99652478823619,65.94819723882975,65.99799241196152,62.49237861722832,65.99340793899817,65.97297156550634,62.281106886626425,65.1323432182819,65.0645477370272,65.85414348607222,64.74528411993425,65.23960408650284,65.0373581924778,337009.5189214624,-1478.1573465477031
64.2867247213977,1.7613013147083534,63.41955665126774,60.55536539122773,1.0151782025448668,0.1862067394784006,65.94094470809812,65.99634339345754,65.97335148753787,65.9512494852975,65.98614086299236,65.55059084868748,65.91499680024535,65.99528858919835,65.94934168964451,63.67138898598977,65.75000679779527,2.5458099592715158,3.6338572182658275,2.6228126289663756,43.27823954802737,1.1609095582550566,1.5007260181913409,0.029449501190828196,224147.64858437388,-891.6327811017372
0.2101719987599242,5.155902875053012,1.3761147400247902,0.6335971927214472,63.7427644570186,0.43193565747605955,65.49973975250752,65.69963945840881,65.58743609971815,65.00549259550435,65.94922947373252,65.80427098353884,64.50118922574649,65.69808271182801,65.36752580205413,62.411426794870785,5.621279335853842,0.10781575651093858,0.3540695746396123,8.223231698851334,0.1590686748424698,0.11675849155321702,0.04384905494380476,0.18433660880784267,176054.9188061702,-660.8419290149665
65.19737474992357,65.43909510219922,65.6512579224206,65.95572724449387,65.6824120082155,65.63022714814397,65.98375047668611,65.9949491777769,65.97769023884197,65.99545440060625,65.97974864183358,65.99570435436017,65.95097579095601,65.99586638894712,65.98858203620267,65.97631078477633,65.99532696863012,61.353977195975325,64.97697618457956,65.05805701071212,65.62503614035035,65.7155684805084,0.4539398662783203,5.299729777956665,318231.7654497794,-1370.8307380913748
1.1717470717402205,4.5329497221293344,1.3812266288858353,65.92248428384457,65.41233742803311,1.44390634821983,65.94286320926562,64.50834688652783,65.97344033448339,65.9637235614449,65.92664788148741,65.54836692185788,64.2983181573926,65.73966762994017,65.88509187080253,65.9062309775339,6.678599116932151,4.089046949675199,0.3561291751858388,9.405589087902516,9.926937701906436,2.700076137911279,0.0677233815072503,0.2552722286799864,195373.97793595842,-751.9937226932898
5.822078525993709,4.934561419207144,0.3257461436747972,4.359381593059389,3.3698248174605396,0.6157879421617001,62.355460513445145,65.68606047070581,65.83392682439653,65.3520538787378,65.9268136591027,65.55582539990509,65.83181052487174,65.02884165569718,64.8386407114495,62.509001705491556,5.490648251697497,4.3532513168270945,5.540283175852938,7.356736217244053,0.33207801875129567,0.07827981029232658,0.06169868946700696,0.02989830561957331,165631.23915610192,-614.5456895711121
0.19439331519929398,0.11481226448257005,0.01722227738757688,0.07619779399450684,0.020124787675791567,0.09973285208817195,63.29584055647407,57.40754393845891,63.3969057692445,2.6834415004836707,0.08197369066791005,63.3031205422266,0.8978269124759375,63.88614806096069,63.890040523360454,4.131087230984863,4.770103063716501,0.0007631351581840248,0.027280205790025713,0.035118709344481025,0.12283040542063307,0.0035614767744397615,0.014023751190067102,0.0029065308931216782,95901.67254834076,-311.42999929445295
0.023653419716627544,0.15382866812691642,0.2151388788021964,0.02446244925972242,0.023336771862352203,0.39199626911642627,1.0038318449365242,1.8700133670147103,64.03127241503176,0.32615410644322573,3.4203249879685984,3.7157566673092965,0.2598742083199941,7.007253015372704,4.730019854150796,9.457968824751251,0.014212226570476185,0.0205830771475361,0.3899901778234708,0.07217339584497749,0.06831953027164826,0.019872856628133796,0.007083528085215712,0.0032053875883521787,23689.980817140444,-20.20732592814293
0.21429569098687262,0.07273111631425988,0.220614024150109,1.4717892984644676,2.8314839974340194,0.013727397814918385,59.928095645126305,9.892711625577824,1.7920528789122776,2.043415940895306,3.280588388009255,7.286735189545759,4.355456321689858,2.395491176044028,5.4086508399797975,0.9328485337603634,0.28673305836016305,0.3787386550764502,0.037511385743819306,1.1562411894945024,0.05707997924336751,0.0024564717277708384,0.028473929907526042,0.005374916922763123,25497.60944955532,-27.050297651181783
64.60997303800728,2.5883727832192847,59.13833087023007,61.903644272013764,61.64543440007604,1.4988622443798254,65.99918676116026,65.93936565870408,62.31621783884037,54.17677753777208,65.94225531808115,65.40387102122196,65.4588972442878,65.90616245223212,62.52205994034398,65.77725873759644,65.781181825847,0.4001018713673166,0.3886307481287159,0.22134372585533812,0.34629667308595513,0.24969522233938313,0.02860495388501165,5.387614221206286,223762.81852167533,-886.5871393598816
65.97932461138811,65.4298955935014,65.71205738887019,65.78946449561799,65.67873725703818,65.78823784851649,65.97883738763683,65.97131378599927,65.95941346236089,65.98069294362767,65.96004340514762,65.99319601525072,65.9662939930753,65.99496916057049,65.64052046887237,65.92840580718813,65.97603744019025,5.807659656799533,65.36164369649632,12.255465038910451,10.839467628580675,3.411211281458403,0.7377374420597391,1.162580257482766,275204.12315337005,-1142.2602060666397
65.25362301861513,63.925879702598586,65.83308308521569,65.96285929238698,65.72116814379731,55.29365027099829,65.98706173511101,65.9561455518181,65.9748732374529,65.96284573263432,65.96451229482143,65.91761285287767,65.95246439016114,65.68162826086068,65.91040814123595,65.9061449456103,65.45974084188774,5.7593131134984805,1.280415892028408,9.322577681276847,9.484068759582772,2.712837413217425,1.38601040067557,0.044428828073914906,259005.0710335821,-1059.6103535864368
0.7832597765848569,2.7863785614235344,0.44559713116803823,0.8263068616235493,5.385072572869835,0.4310401160437739,64.88702660963321,65.90873908311077,60.42063838595947,5.962726475573426,60.85110335118715,65.90181434259671,0.2598742083199941,65.53333540507818,4.728446400054957,65.79409248561622,0.028515059485867845,0.013099855181399112,0.03815972358458245,0.7022921057596573,0.06831953027164826,0.16368361591026626,1.6088227375191106,0.0001938899109284256,115687.27900121832,-396.4855382844671
1.1717470717402205,0.14859451587660785,1.3812266288858353,65.92248428384457,65.42214783937969,0.05355505899140048,65.94286320926562,65.56171839592977,65.60069529142005,64.831493789195,65.92664788148741,65.54836692185788,64.2983181573926,65.81606676407024,65.3927081267203,65.8611787353857,6.678599116932151,4.089046949675199,0.35746896710745085,9.405589087902516,0.11601820108609573,0.11274048898968127,0.04074891748541043,0.2552722286799864,191634.9379065786,-732.8922966293014
65.69807134269132,57.72521291415287,64.68244896760767,64.83877274832643,65.71208308422379,63.47767019674103,65.9917282675098,64.41440227420046,65.99403133032439,65.99568590551397,65.98433196728884,65.9951216335015,64.50133887030358,65.96257965976102,65.93886523542378,65.2026134173902,65.9773221914664,0.4252413351787716,3.358469007679698,63.72784580508286,4.443412925785804,0.34691642775892717,2.6367689301581185,0.31552563489456453,267125.2177825192,-1102.3034600729657
3.755155361938629,1.5620634751337765,0.05902763788603413,0.2019881333108522,0.028795575745392002,0.10783898729181007,58.50539684921934,55.20336336275431,3.3947399874815076,65.19606995594053,2.1018733885333702,3.417075098181318,2.427630441785047,65.8132239353055,63.477389665628806,0.5618752666503184,0.06044345111593751,0.048809321642919706,0.401848606067422,0.6467041382299734,0.16432407043591943,0.001537775114763492,0.028946870284011852,0.0009478515320921454,80085.6311093699,-250.12406920720957
65.19365142787768,65.42870225810947,65.83676077874583,65.99674378898233,65.68246734470449,53.60175537255283,65.9834284795474,65.99829575811916,65.97516503713257,65.98327766881147,65.9794008533197,65.99491730816787,65.92950742059445,65.99738028591031,65.96809651243231,65.97681730172081,65.61528817687615,60.013606104252524,64.96444073391643,60.25124604778435,65.91714594041697,9.745972080528489,4.322409687404195,5.363820154357947,305363.1670933288,-1300.6772965222658
0.033566410298819044,0.01579275082764415,0.00036123441626453867,0.022433464134421877,0.023299146953277446,0.047587641928705404,1.4134395691487263,1.476112974139916,0.38425735805372063,0.015194691422174555,0.07804828521002594,3.7157566673092965,0.2596685479424571,0.919627221142072,4.3008425082539326,1.229329867543786,0.014205797504081286,0.04031573759623727,0.030171181645383537,0.05656279927715812,0.019224081695265516,0.027532958535943085,0.01607459355483919,0.00040488978729920355,3446.0906535948934,62.90318962167856
64.7526336414841,64.62599532777438,65.7564609737026,65.99229948206617,65.67549952133139,53.60175537255283,65.79364463203673,65.9752357813776,65.82235015703442,65.94448238609368,65.97285323329199,65.97802366522964,65.92965952715491,65.997316622774,65.96922218152824,65.9765823069153,52.74021872992794,61.30672435979991,65.39435264450356,64.6599703686526,65.62375235991051,8.130976097405984,62.648586309179045,50.43905827372425,321585.3939006092,-1393.664653955452
65.69807134269132,1.9393857100541891,64.66788936135863,64.96479641568818,65.84744316367421,58.55338151137991,65.97867873233287,64.41440227420046,65.1315001473354,65.98863262985155,65.79726409768917,65.93257793600237,64.4773753408287,65.96166765957759,65.85020945895937,65.98420488021765,60.12857323100035,2.1031811191549874,0.2808243929599469,62.54446253135527,2.7849020258878006,3.572234956972806,2.6520823561764573,0.009798778825424466,253386.3989220406,-1034.2205400541748
65.34020379624818,65.43905433046852,65.71205738887019,65.81110162375825,65.67873725703818,65.55043444844327,65.97883738763683,65.97131378599927,65.95941346236089,65.98055451368354,65.96004340514762,65.99319601525072,65.84118894521896,65.99496916057049,65.64320254179383,65.98056332775785,65.97574890453329,6.014267300811273,62.630000949512684,64.71843950470638,14.518573076914453,0.2943459074409738,0.7377374420597391,1.162580257482766,284801.0572263794,-1191.8435647337083
65.0836097158391,65.43909510219922,65.6499067156044,65.95572724449387,65.83844079108732,65.02593635362656,65.94216415659629,65.68469977923836,64.3810642076018,65.99545440060625,65.9691834900296,65.98074219362763,65.83326474047989,65.96257622098913,65.98858203620267,62.5574834370943,65.99532696863012,61.3220621134935,64.97697618457956,64.62804709478745,65.62503614035035,61.61861283013501,0.05794616189484239,1.1320010619461653,315151.6759322237,-1355.6009391411335
3.636891292630656,0.1748508189688449,0.11656956512510981,0.2091947932208542,0.03254814276723286,0.028132174066630544,61.65017532128563,57.27944691925697,12.120455825332535,1.9166973119748123,2.5483523475019463,3.662342506333296,0.16530635650717085,65.67681499841687,11.63199068792754,10.21930246862421,0.0037790599741148075,0.038969639031611644,0.0752366102148305,1.0959504419084767,0.10516089793568237,0.00620550732910323,0.028139483905091515,0.08241984058057815,57674.72391722564,-155.46193301081982
0.17929086707664948,1.855211657533386,0.43947287902361404,0.10594641404072289,0.023031450039899114,0.028132174066630544,10.945381634491751,13.843457733962499,59.3366833617845,1.3165706690765617,2.484240711602344,3.662342506333296,0.13607129504600113,59.755231898687384,0.07992965001460517,10.367725478245319,5.746763481164417,4.595974811677347,0.45035839159823315,0.49500722427583926,0.06834740171458611,0.0061882291978776595,1.1338532986747611,0.07494190793557834,43215.44339666073,-100.08715512726381
0.17859311259734867,0.06641437818935281,0.11656956512510981,0.2010472270508754,0.03254814276723286,0.028132174066630544,61.65017532128563,57.27944691925697,12.120455825332535,0.8239310355317393,2.5483523475019463,3.662342506333296,0.16530635650717085,65.67681499841687,11.63199068792754,10.21930246862421,0.057694359175755085,0.040364291380928397,0.07641361820486726,1.0959504419084767,0.10516089793568237,0.00620550732910323,0.028139483905091515,0.08241984058057815,56650.65244127049,-150.85077150693496
0.021228624804147223,1.5620634751337765,0.05902763788603413,0.2019881333108522,0.006622048754839176,0.053367624982235906,58.50539684921934,55.20336336275431,3.3947399874815076,2.5330777055179006,2.1018733885333702,3.417075098181318,0.18685935201247972,65.8132239353055,62.9603442297186,0.5618752666503184,0.05651069997549222,0.040367524463402804,0.401848606067422,0.6467041382299734,0.06614258764440048,0.001537775114763492,0.028946870284011852,0.0009478515320921454,63744.92953481178,-180.78213277355812
1.1706263242178718,0.027599620075909697,1.3600265180831033,5.846288611712971,2.029453056022085,0.0019210801327109515,64.96828900933068,13.701697789680278,9.614597388692907,64.25220303835168,1.6622133032640989,64.67081075563334,2.546916440288923,65.81190907470972,65.33155086905592,4.45485401845724,0.142899778883274,0.3696374131650626,0.030335537733182694,0.05050950524409803,0.35412751678365706,0.1530771668646964,0.040628820180007706,0.0018665163838003846,90244.08560280937,-291.55103915294717
5.162517770423172,0.43140280495030525,1.2516182936129,65.98211703026215,65.05685692926055,55.02566917416671,65.99200852128824,65.15916859763713,65.98468379981239,65.94787717227433,65.96098175259073,65.98946996217168,65.72444059795654,65.9925204928345,65.6405140757562,65.84799507226684,65.77551378073122,4.430898328331411,64.33027413107777,64.64818416017005,65.61743960912918,7.9974087864543915,0.8287082845204985,0.12110044220258231,254213.7314619081,-1047.8563695698815
65.98952100857815,65.44104687225811,65.68805907114154,65.98779747992846,65.7580352134677,65.94331615042505,65.99242614791109,65.99862286823502,65.99449388747252,65.98803725228373,65.98263517869643,65.99641165692428,65.95093057310393,65.99859072302596,65.98800268588435,65.99264736942213,65.99532696863012,59.473148095323836,65.64417238789166,64.7584956418491,65.38807488997593,64.73672911671086,3.8913652254464814,65.0373581924778,329427.37008180725,-1432.5722446570642
1.1717470717402205,4.5379788073918625,1.3812266288858353,65.92248428384457,65.41233742803311,1.44390634821983,65.94286320926562,65.56171839592977,65.97344033448339,65.9637235614449,65.92664788148741,65.54836692185788,64.2983181573926,65.73966762994017,65.88509187080253,65.9062309775339,6.678599116932151,4.089046949675199,0.3561291751858388,9.405589087902516,9.499760353898154,2.700076137911279,0.14561384737970318,0.2552722286799864,195566.17845010813,-752.7028364058184
0.17929086707664948,1.855211657533386,0.0647553940776937,3.050133983750438,0.021119019855045204,0.028132174066630544,14.24642871153993,65.75449034687405,0.8220014977962036,1.3165706690765617,2.345638056852621,7.7043218532652915,61.71880159435699,59.755231898687384,0.5828668153735466,9.937503869788454,4.053252170629214,4.595974811677347,0.45035839159823315,0.54414493260699,3.1432097799677834,0.06076328044277671,1.1338532986747611,0.07494190793557834,58144.11801293732,-166.39599698350355
0.005089278471575809,7.601417286228565,1.379662992433591,1.224566400542055,65.68171854329341,1.3795357570640585,65.76867074989343,65.17341910679657,65.94279517453398,65.73711594344289,65.82378060750243,65.80332143839463,65.78864207422579,65.65524001880223,65.77276731993504,64.55275342008872,5.436554702551785,5.804445552187827,0.3129506766262454,8.570722178182127,0.3604240384117188,0.0327568109485008,0.20263870200612666,0.384371044381364,179464.36288619658,-677.3523598169447
0.005089278471575809,2.4539556154600923,1.379662992433591,1.224566400542055,65.68171854329341,1.3684454383098497,65.61621826750157,65.13257143006578,65.94195259725527,64.6458805566965,65.82378060750243,65.62444779662044,65.78864207422579,65.65592808559357,2.0060354510727834,61.19434548581651,5.436554702551785,5.804445552187827,0.31658032971136546,8.570722178182127,0.3604240384117188,0.008249496228063934,0.2175256395306874,0.384371044381364,161989.70380058198,-603.5991136020461
0.03405041470945197,0.6790679611217503,0.00036123441626453867,0.022433464134421877,0.016833135100328245,0.047587641928705404,1.9457447530410192,59.46625110437977,0.38425735805372063,0.6291310272918603,4.140854711240369,3.7157566673092965,0.2598742083199941,1.2451038385418371,4.3704193832104465,1.229329867543786,0.020903204971620928,0.04633344731594955,0.07359117226302557,0.05656279927715812,0.1200364408890732,0.10441521731229783,0.01607459355483919,0.0017989874629437685,19336.987111953254,-1.5837726333899305
5.162517770423172,0.43140280495030525,1.2516182936129,65.98211703026215,65.05685692926055,55.02566917416671,65.99200852128824,65.15916859763713,65.99076583871982,65.94787717227433,65.96098175259073,65.98946996217168,65.72444059795654,65.9925204928345,65.6405140757562,65.84799507226684,65.77551378073122,4.430898328331411,64.33047703360592,64.64818416017005,65.32892697348532,7.9974087864543915,0.8287082845204985,0.12110044220258231,254159.03534366412,-1047.5741418756731
65.92646687926842,7.564360980368911,0.45014897455197594,0.07072749603730699,61.62203143786963,1.392770994964593,65.67449159193227,65.34965654312174,65.92186585221981,65.94919620361894,64.72323727534976,65.3997636838939,64.82397840889568,65.64001460436113,65.51606021266349,10.60706050221415,60.76221602957459,2.475902963249128,0.2159032173755917,1.9182830100124217,4.242694737317468,0.15332909259290975,0.22492752282830486,1.9959172258205777,190055.83758531674,-731.5780054401027
65.20112726444586,63.925879702598586,65.83366402029772,65.96285929238698,65.67593528816357,55.29365027099829,65.9656291188627,65.9561455518181,64.51187761250456,65.96284573263432,65.96451229482143,65.91761285287767,65.72007653892751,65.66431620763326,65.91040814123595,65.9061449456103,60.30531582250889,5.7593131134984805,1.280415892028408,7.937675485479159,9.484068759582772,2.712837413217425,1.38601040067557,0.03975005026897258,257204.36220378586,-1051.2350717730765
0.021228624804147223,1.6499869170607038,0.058850182756013544,0.10426801245267056,0.006622048754839176,0.0036877712902599093,58.50539684921934,55.20336336275431,3.3947399874815076,59.18894457367165,2.1018733885333702,3.417075098181318,0.9390376918628279,65.8132239353055,0.3065258013937395,0.5618752666503184,0.0034943748609315185,0.03897287211408605,0.401848606067422,0.6467041382299734,0.16432407043591943,0.001537775114763492,0.028946870284011852,0.0009478515320921454,62304.064680160984,-175.5204760708117
64.91883762394623,0.25547846093298754,0.760200943830674,63.650941014914736,61.63427860692446,1.4229318848827992,62.896867901157606,65.34830332026507,64.26036315341473,65.9862846429859,65.7189325864306,65.9171958865829,65.72419682652668,65.65828739200677,65.61713302100519,65.86041296733123,64.46925395018988,4.430898328331411,5.465246236820804,9.21148592085315,3.2466371388095703,0.2979154922451175,0.042124652197722545,0.02652086747640982,217740.53887717033,-855.7777288200626
0.14942239779537259,0.01089600094649873,0.06085826586223922,0.01886062606720399,0.04071050825408785,1.1166946039655021,1.5186064540106443,59.99018039324901,1.443693936871059,0.8320783755629311,4.129351633112931,3.5393601571621387,3.6539303202628495,2.2951085705636047,0.5563193210564439,0.8678627340093292,0.0633616158305445,0.12869090837631394,0.0345829395320795,0.05188858496469599,0.03233116891609729,0.0036075943754633015,0.04328327720687641,0.07405172673091667,19761.800023252476,-3.612732114684839
64.2867247213977,1.7613013147083534,63.41955665126774,0.188174949223209,1.0151782025448668,1.2755541010994804,65.41845373219148,65.81811062959635,65.03603543966157,65.9512494852975,65.98614086299236,65.55059084868748,65.91499680024535,65.84622790256262,65.94934168964451,63.67138898598977,7.105204533796787,0.11108155628476224,0.018656225767784473,0.8349372570148184,43.27823954802737,0.28010421184001455,1.5007260181913409,0.029449501190828196,196780.76043512466,-763.204425169224
65.98156274571798,63.93806982173695,54.19528112964212,64.48602013694287,65.42694602422692,65.79660312904534,65.98775317281171,65.98782314425199,65.87073293251527,65.98657605496476,65.97445294996272,65.99744761932851,65.92552713626512,65.07818908431709,65.98597476681353,65.99296763608143,65.66732862967964,62.34938869048459,63.39206509528069,8.533140814122765,44.85072276962765,0.4550801602471237,2.27838417193702,2.470300199465116,288128.0053948407,-1211.565338015469
0.786817638613666,0.2734584856405249,2.3316919927887625,64.83353581154329,65.95355124479136,0.01657579468861914,58.54410961510831,65.92008946566727,65.92765774503891,65.94660106918755,62.83338051720354,65.3997636838939,65.82439315779187,65.64526093118123,65.46418638770686,65.59709516196888,2.346305591741846,0.19493931390075142,0.015098695503076957,1.9580171539327715,2.3539147226102486,0.15332909259290975,4.3876789973492425,5.342526260969814,188690.56354759383,-721.0069785314153
3.453770507371311,1.0310714167348882,0.32279692291115736,65.35218334844008,64.81972426304904,0.8037971527658552,58.401229003333114,65.71895475056942,65.95630605631791,65.04478329582861,65.97219510310677,65.99430137112203,58.00164105235102,65.71338868707944,65.937669247906,0.8918205185767043,0.0984361331094652,0.07610413463509558,0.4844357616060998,4.972875786030951,0.36060197224751933,1.024695927406011,0.02688916699386771,0.002780416377850318,170954.10164604348,-643.4194519958702
0.19439331519929398,0.1409102498789922,0.03593689484855205,0.07619779399450684,0.023455759660242437,0.08584700953894613,63.14372592139114,57.37233564662981,63.3969057692445,2.3773071422520666,3.093126123030711,63.12840212148634,0.8978269124759375,63.551434043750156,3.9800708064349486,3.650529278737441,4.824700281893999,0.010501137914588283,0.030523067167261386,0.035118709344481025,0.12283040542063307,0.006620138970359731,0.028092963020730083,0.0028948188303004815,81894.055080135,-253.16668631111594
65.20112726444586,63.925879702598586,65.83366402029772,65.96285929238698,65.67593528816357,55.29365027099829,65.9656291188627,65.9561455518181,64.51187761250456,65.96284573263432,65.96451229482143,65.91761285287767,65.72007653892751,65.66431620763326,65.91040814123595,65.9061449456103,60.30531582250889,5.7593131134984805,1.280415892028408,7.937675485479159,9.484068759582772,2.712837413217425,1.38601040067557,0.04007453246969561,257204.42098403332,-1051.2353962552772
65.19899428050323,65.42870225810947,65.83676077874583,65.99674378898233,65.68246734470449,53.60175537255283,65.9834284795474,65.99829575811916,65.97516503713257,65.98327766881147,65.9794008533197,65.99491730816787,65.92950742059445,65.99737953114239,65.96809651243231,65.97681730172081,65.61528817687615,60.01597990368568,64.96444073391643,60.25124604778435,65.91714594041697,5.489576298962506,4.322409687404195,5.363820154357947,304602.7137441912,-1296.4286166379907
61.24294980582837,60.18215978381513,65.60797922780827,65.95863056814952,65.02958932630752,63.583104152057516,65.98062948358269,65.93501416623478,65.99887145797673,65.94784244808739,65.98319235823254,65.99501042217027,65.8292216358522,65.91335702127724,64.89269687483205,65.98894607116554,65.57124539742735,63.65563832611283,63.391139989521704,64.49169434058166,65.45160982455783,12.455593324408085,3.8152602564752325,5.072984294295671,306350.2013669552,-1306.9313605567581
0.02359313205059851,0.6839589871392342,0.010616793051860779,0.01097545182416615,0.07790331187851285,0.08893163505987978,64.06791979360226,56.38727251283704,64.26477642439855,0.14160214311370511,1.6231829469198118,9.769422652061847,0.20867848161253666,2.3008578929959986,11.995243648123552,1.327561658360328,0.1554282077756271,0.3779257438333644,0.04369782914075687,0.0523387396323177,0.12198127139376888,0.0017876229103722073,0.02958047427291176,0.07298064602977367,52760.31716303695,-136.79521800001876
0.786817638613666,0.2734584856405249,2.3316919927887625,64.83353581154329,65.6718414179464,0.01657579468861914,58.54410961510831,65.92008946566727,65.92765774503891,65.94660106918755,62.83338051720354,65.3997636838939,65.82439315779187,65.64526093118123,65.46418638770686,65.59709516196888,2.346305591741846,0.19493931390075142,0.014674497493414929,1.9580171539327715,2.3539147226102486,0.15332909259290975,0.28440994348865134,5.300516899661207,187893.16954495996,-716.5795660913914
64.60997303800728,58.71474596343505,59.13833087023007,61.903644272013764,61.64543440007604,1.4237111561913451,65.98784992748622,65.93936565870408,62.304553690420086,54.17677753777208,65.94225531808115,65.40387102122196,65.4588972442878,65.96176916665307,62.52205994034398,64.51130357842379,65.781181825847,0.7967321153806453,0.3473571109977134,0.15124085287989905,3.065835656030882,0.24969522233938313,0.02860495388501165,5.387614221206286,235262.58802332103,-944.4098047419145
4.203702745867482,0.09745413835633654,0.3257461436747972,61.35431250042827,1.930776117507468,0.828739910458803,62.355460513445145,57.132804382012665,64.42569450552602,65.30713788102722,63.9098447171627,63.24827955753849,65.83181052487174,65.01457597075063,64.6575042555739,62.509001705491556,5.50359805569119,0.11633838975947863,1.625890358827505,1.8321189519477832,0.33207801875129567,0.002974148755276518,0.060935857469502475,0.02989830561957331,170137.42977327853,-635.5936776565148
0.02359313205059851,0.6839589871392342,0.010616793051860779,0.01097545182416615,0.07790331187851285,0.08893163505987978,64.06791979360226,56.38727251283704,64.26477642439855,0.14160214311370511,1.6231829469198118,9.769422652061847,0.20867848161253666,2.3008578929959986,12.246234074926061,1.327561658360328,0.1554282077756271,0.3779257438333644,0.04369782914075687,0.0523387396323177,0.12198127139376888,0.0554645123962197,0.02958047427291176,0.07298064602977367,52830.22872236055,-137.09988531630714
65.0836097158391,65.43909510219922,65.6499067156044,65.9970576840724,65.83844079108732,65.02593635362656,65.9423385488549,65.68469977923836,64.3810642076018,65.99545440060625,65.9691834900296,65.98074219362763,65.83326474047989,65.9612489488234,64.67327613742451,62.509069983289514,65.66976902814017,61.3220621134935,64.97697618457956,64.62804709478745,65.62503614035035,61.61861283013501,0.05306929863119833,1.1320010619461653,314763.9535826534,-1353.9469625444683
0.002102539741374476,0.1397673343694743,0.21998143321531638,4.184762432799573,2.585461530512399,0.08968405200568375,63.36024129520964,56.83559634920074,65.8304247487839,61.237994145317465,57.98707839485979,65.79626360500279,11.08642687286904,62.70597650459402,65.70121477179299,6.616912545129914,0.18331411663461766,0.6230804478644845,0.3667817280556655,1.2863039959724225,11.01499686878987,0.02188960959770661,0.004398833364100296,0.1458162853927481,130630.09188943569,-460.9834704410757
0.3445755486035958,1.855052001342095,0.32279692291115736,0.06937137358297757,61.838498492418964,0.43752787350460653,58.401229003333114,65.69142785677924,65.97575563524889,63.979801145459184,65.72599099024927,65.99430137112203,57.85089178977048,65.70696182300287,65.94236853460546,62.41157869067681,0.0984361331094652,0.2890841111605198,0.3540695746396123,0.1555281406064589,0.36060197224751933,0.21746401716391062,0.10430651325498945,0.06077096447197193,168747.96607023617,-627.1453904792652
0.19439331519929398,0.1409102498789922,0.2226789145504142,1.5133148249517325,0.06533005118928026,0.08584700953894613,63.14372592139114,57.37233564662981,63.3969057692445,2.3773071422520666,3.104766798618533,63.12840212148634,0.8978269124759375,63.551434043750156,3.9800708064349486,3.650529278737441,4.824700281893999,0.010501137914588283,0.030523067167261386,1.1412206867615926,0.12283040542063307,0.006620138970359731,0.0284736403210002,0.0028948188303004815,82469.03685606024,-255.95054298360927
0.15870193766446697,0.001409879809015413,0.05363970182612962,0.10587572248216796,0.01863861992943082,0.028132174066630544,10.945381634491751,13.843457733962499,0.8220014977962036,1.3497755532990907,2.5032883644555994,3.662342506333296,0.13904457840617113,59.755231898687384,0.07992965001460517,10.362011024800765,5.740339686425298,0.1675787617600449,0.05132480238286506,0.06128149797314225,0.06834720607775766,0.0061882291978776595,0.05373946854708289,0.002644924960103691,27251.15571158877,-32.937307055349386
0.5043072926449823,0.10620973234422844,4.026796829492218,0.07089555767225741,5.34686895997887,0.06372730116955877,61.70405878323966,65.83417431820315,65.06111796048705,65.07002974213698,65.92681242348834,65.55059084868748,65.83181052487174,65.0749330571337,62.142816678410945,62.93402126203158,0.19400635638826372,4.464135760693823,0.033993829106151674,7.3229356967528325,0.33657400382906766,0.17089000528399495,0.060935857469502475,0.029449501190828196,160574.94154062305,-590.8190922827072
0.005089278471575809,7.601417286228565,1.379662992433591,1.224566400542055,65.68171854329341,1.3795357570640585,65.76867074989343,65.17341910679657,65.94279517453398,65.73711594344289,65.82378060750243,65.80332143839463,65.78864207422579,65.65524001880223,65.77186952456134,65.22820888907327,5.436554702551785,5.804445552187827,0.3129506766262454,8.570722178182127,0.3604240384117188,0.0327568109485008,0.20263870200612666,0.384371044381364,179623.4577619732,-678.0269174905555
2.1968911070533887,0.6790277510793157,0.3575038405579787,0.02555354427135942,3.765412585333266,8.188792892819022,65.40602583411737,64.8734592997483,65.34236944746945,3.1874798897374426,63.47348506545636,65.90741903590099,0.24624710601294963,65.00415661344996,65.37734453020568,10.865018189690272,1.4689207450526287,0.39204891911179174,0.09998040985204038,0.045223114930513966,0.40444124392527736,0.029649542086532144,0.039047007345762205,0.12354927556865986,119106.52703420461,-410.4560469907763
63.36873687125935,65.42973867478403,62.62446683068894,65.98757016721416,64.9386183549978,50.64149674252017,65.98878292708977,65.99596628877958,65.99449388747252,65.9878345605047,65.97477137258252,65.99652478823619,65.9302401061033,65.99859072302596,65.81344541010436,65.99340752423001,65.97297156550634,62.27924181113531,65.1323432182819,65.0645477370272,63.959116936050265,64.74528411993425,65.24730586594698,65.0373581924778,336059.95508531947,-1473.0598546759534
