CRPS
      1.4350
      1.4059
      1.4540
      1.5248
      1.5600
      1.5807
      1.5704
      1.5842
      1.5874
      1.5958
      1.4145
      1.3565
      1.4289
      1.4106
      1.5303
      1.4158
      1.2961
      1.4811
      1.4511
      1.3932
      1.3841
      1.3419
      1.3146
      1.2801
      1.2411
      1.1474
      1.2078
      1.1504
      1.2240
      1.3048
      1.4369
      1.4742
      1.4202
      1.4511
      1.4089
      1.4747
      1.4401
      1.3586
      1.3365
      1.3514
      1.2766
      1.2592
      1.2421
      1.1747
      1.1050
      1.0781
      0.9511
      0.8900
      0.8918
      0.9135
      0.7742
      0.6326
      0.5932
      0.5908
      0.5934
      0.5834
      0.5676
      0.5795
      0.6845
      0.7644
      0.7150
      0.8097
      0.7797
      0.7665
      0.7000
      0.7215
      0.6897
      0.6974
      0.6983
      0.6683
      0.6268
      0.6625
      0.6070
      0.6325
      0.6333
      0.6757
      0.6950
      0.7370
      0.8237
      0.8448
      0.8686
      0.9182
      0.8804
      0.8022
      0.7202
      0.6630
      0.6673
      0.6812
      0.6323
      0.6721
      0.6684
      0.6829
      0.6731
      0.6568
      0.5845
      0.6378
      0.5795
      0.5781
      0.6341
      0.6677
      0.7220
      0.7977
      0.9222
      1.0034
      1.1574
      1.2005
      1.1744
      1.1521
      1.0861
      0.9621
      0.9169
      0.9655
      0.9054
      0.8685
      0.8538
      0.8376
      0.8617
      0.8369
      0.7411
      0.7389
      0.6919
      0.7027
      0.6716
      0.6801
      0.7096
      0.8019
      0.8386
      0.8853
      0.8656
      0.8530
      0.8611
      0.8567
      0.8251
      0.7625
      0.7994
      0.7988
      0.8200
      0.8183
      0.8350
      0.8089
      0.7800
      0.8669
      0.7379
      0.7071
      0.7337
      0.7178
      0.7190
      0.7382
      0.7498
      0.7965
      0.8735
      0.8991
      0.8884
      0.9702
      1.0451
      1.0309
      0.9830
      0.9831
      0.9459
      0.9495
      0.9317
      0.9122
      0.9514
      0.8671
      0.8824
      0.8749
      0.8812
      0.9024
      0.7855
      0.7832
      0.7811
      0.7792
      0.7773
      0.7378
      0.7004
      0.7032
      0.7273
      0.7544
      0.8026
      0.8141
      0.8247
      0.7777
      0.7702
      0.7435
      0.7551
      0.7477
      0.7216
      0.7680
      0.6855
      0.6914
      0.6756
      0.6393
      0.6538
      0.6147
      0.6089
      0.5015
      0.6619
      0.6574
      0.6517
      0.6835
      0.7545
      0.7745
      0.8751
      0.8639
      0.8753
      0.8703
      0.8291
      0.8468
      0.8462
      0.8071
      0.8046
      0.7827
      0.7789
      0.7391
      0.7330
      0.7250
      0.7320
      0.7361
      0.7199
      0.7357
      0.7316
      0.7602
      0.8222
      0.8872
      0.9157
      0.9476
      0.9444
      0.9647
      0.9701
      0.9216
      0.8967
      0.8909
      0.8485
      0.8604
      0.8019
      0.8119
      0.7866
      0.7929
      0.7954
      0.7429
      0.7570
      0.6834
      0.6795
      0.6752
      0.6706
      0.6671
      0.6654
      0.7008
      0.7705
      0.7381
      0.7703
      0.7654
      0.7655
      0.7709
      0.7454
      0.7228
      0.7344
      0.7102
      0.7048
      0.7309
      0.7072
      0.6981
      0.6700
      0.2373
      0.8687
      0.5742
      0.6041
      0.5981
      0.6515
      0.6377
      0.6495
      0.6326
      0.6352
      0.6384
      0.6426
      0.6887
      0.6664
      0.6679
      0.6675
      0.6650
      0.6852
      0.6614
      0.6472
      0.6218
      0.6526
      0.6367
      0.6045
      0.5834
      0.5659
      0.5023
      0.5209
      0.5388
      0.5554
      0.5705
      0.6003
      0.5957
      0.6061
      0.6647
      0.6231
      0.6302
      0.6364
      0.6419
      0.6470
      0.6516
      0.5943
      0.6137
      0.5867
      0.5748
      0.5782
      0.5814
      0.5844
      0.5408
      0.4969
      0.4989
      0.5007
      0.5021
      0.5020
      0.5004
      0.4977
      0.5238
      0.5326
      0.5564
      0.5623
      0.6485
      0.5561
      0.5167
      0.4741
      0.4849
      0.4994
      0.4287
      0.4900
      0.5718
      0.6674
      0.6678
      0.6316
      0.5339
      0.5540
      0.3960
      0.5961
      0.5173
      0.5301
      0.5385
      0.5413
      0.5404
      0.6009
      0.6254
      0.6666
      0.5183
      0.4472
      0.4243
      0.4333
      0.3928
      0.3777
      0.3847
      0.3764
      0.3971
      0.4300
      0.4430
      0.4657
      0.4058
      0.4181
      0.4257
      0.4285
      0.4266
      0.4362
      0.4890
      0.5711
      0.5921
      0.6814
      0.6722
      0.6678
      0.6661
      0.6826
      0.6730
      0.6842
      0.6317
      0.6139
      0.6126
      0.6116
      0.5787
      0.5907
      0.5662
      0.5651
      0.5133
      0.4900
      0.4653
      0.4557
      0.4457
      0.4817
      0.5017
      0.4898
      0.4781
      0.4842
      0.4784
      0.5386
      0.5569
      0.5618
      0.5700
      0.5844
      0.7829
      0.7536
      0.7584
      0.7277
      0.6799
      0.6956
      0.6758
      0.6189
      0.6181
      0.6129
      0.5888
      0.5487
      0.5252
      0.5332
      0.5570
      0.5352
      0.5298
      0.5567
      0.5544
      0.5542
      0.3243
      0.7838
      0.5699
      0.5677
      0.5369
      0.5376
      0.5378
      0.5524
      0.5657
      0.5774
      0.5845
      0.5850
      0.5803
      0.5291
      0.4762
      0.4662
      0.4852
      0.4760
      0.4674
      0.4884
      0.4958
      0.5045
      0.5005
      0.4985
      0.4984
      0.5000
      0.5065
      0.5185
      0.5335
      0.5496
      0.5223
      0.5376
      0.5085
      0.5214
      0.5293
      0.5311
      0.5284
      0.3673
      0.6202
      0.5323
      0.4908
      0.5062
      0.5066
      0.5219
      0.5396
      0.5451
      0.5997
      0.6411
      0.6526
      0.7377
      0.8475
      0.7339
      0.6650
      0.6225
      0.6197
      0.6350
      0.6506
      0.6026
      0.6242
      0.6356
      0.5467
