CRPS
      8.1842
      7.2927
      6.5692
      6.1289
      6.0678
      6.0974
      6.4219
      7.1814
      8.4740
      8.0540
      8.4539
      8.9622
      8.9443
      8.5758
      8.6034
      8.5464
      8.3095
      8.4460
      8.4177
      8.3693
      8.0839
      8.1092
      7.1599
      6.1492
      6.0112
      5.8562
      5.1445
      4.9260
      4.5169
      4.3001
      3.7365
      3.8924
      5.6082
      5.2812
      7.2077
      6.2272
      6.2492
      6.2871
      6.6316
      6.4106
      6.2440
      5.8382
      5.4454
      5.2886
      5.0691
      4.8431
      4.4990
      4.3504
      3.9116
      3.8218
      3.4431
      2.9315
      3.0622
      3.8703
      2.4670
      3.8338
      4.8059
      3.9372
      3.5413
      2.9844
      3.1775
      3.3665
      3.7915
      3.6612
      3.6519
      3.6467
      3.6057
      3.5320
      3.4363
      3.5230
      3.2905
      2.8906
      2.9779
      2.6041
      2.4745
      2.1053
      1.8413
      1.7051
      1.6916
      1.6396
      1.6640
      1.6563
      1.9139
      1.9590
      2.2113
      2.2730
      2.7316
      2.6463
      2.6176
      2.7145
      2.4007
      2.3648
      2.4913
      2.1592
      1.9938
      1.6084
      1.6707
      1.6981
      1.5722
      1.5688
      1.5712
      1.5920
      1.5837
      1.6119
      1.5945
      1.5898
      1.9308
      2.4683
      3.1148
      3.4628
      3.8277
      3.6047
      3.7504
      3.3928
      3.0472
      2.9861
      2.7705
      2.5220
      1.9820
      2.3844
      2.2908
      1.9346
      1.7553
      1.5745
      1.4918
      1.5034
      1.5150
      1.5287
      1.5485
      1.5782
      1.6275
      1.6626
      1.6702
      1.6707
      1.6808
      1.7680
      1.8993
      1.9224
      1.8145
      1.8433
      1.9916
      2.0710
      1.9607
      1.8265
      1.7273
      1.4534
      1.6201
      1.4499
      1.4307
      1.4344
      1.4419
      1.4893
      1.4607
      1.4365
      1.5564
      2.0290
      2.0905
      2.4592
      2.7745
      2.5111
      2.7798
      2.7280
      2.6954
      2.6592
      2.6171
      2.3940
      2.2956
      2.1463
      2.1265
      1.8612
      1.8239
      1.6664
      1.4278
      1.3109
      1.3300
      1.3344
      1.3396
      1.3391
      1.3368
      1.3337
      1.3245
      1.3193
      1.3091
      1.3022
      1.2953
      1.2881
      1.2811
      1.3355
      1.2665
      1.2444
      1.2547
      1.2527
      1.2503
      1.2580
      1.2649
      1.2753
      1.2788
      1.2915
      1.3068
      1.3365
      1.3147
      1.3066
      1.3088
      1.2997
      1.2904
      1.2801
      1.2671
      1.2576
      1.2912
      1.3133
      1.3353
      1.2957
      1.2421
      1.3807
      1.2669
   -999.0000
   -999.0000
   -999.0000
   -999.0000
   -999.0000
   -999.0000
   -999.0000
   -999.0000
      1.8192
      1.1862
      1.1853
      1.1856
      1.1863
      1.1865
      1.2390
      1.4175
      1.3995
      1.4811
      1.3852
      1.4032
      1.3932
      1.4802
      1.3479
      1.2706
      1.2693
      1.1274
      1.1224
      1.1297
      1.1314
      1.1270
      1.1361
      1.1513
      1.1534
      1.1559
      1.1575
      1.1524
      1.1502
      1.1494
      1.1515
      1.1468
      1.1435
      1.1329
      1.1310
      1.1308
      1.1444
      1.1982
      1.1448
      1.1932
      1.0853
      1.0811
      1.0787
      1.0852
      1.0813
      1.0811
      1.0927
      1.0987
      1.1043
      1.1078
      1.1100
      1.1097
      1.1096
      1.1108
      1.1127
      1.1080
      1.1089
      1.1441
      1.2395
      1.1147
      1.1460
      1.1067
      1.1165
      1.1278
      1.1363
      1.1319
      1.1263
      1.1487
      1.1065
      1.0952
      1.0843
      1.0783
      1.0653
      1.0554
      1.0484
      1.0417
      1.0371
      1.1046
      1.0300
      1.0692
      1.0624
      1.1074
      1.0987
      1.1212
      1.1403
      1.1565
      1.0245
      0.9905
      0.9950
      0.9936
      0.9937
      0.9933
      0.9934
      0.9964
      1.0058
      1.0135
      1.0159
      1.0080
      1.0079
      1.0168
      1.0374
      1.0512
      1.0731
      1.0696
      1.0690
      1.0639
      1.0621
      1.0751
      1.1000
      1.1369
      1.1546
      1.1627
      1.1613
      1.1443
      1.1314
      1.1242
      1.1183
      1.0956
      1.0841
      1.0672
      1.0685
      1.0649
      1.0556
      1.0693
      1.1122
      1.1757
      1.2169
      1.2639
      1.2963
      1.2956
      1.2668
      1.2323
      1.1840
      1.1866
      1.1390
      1.0997
      1.0752
      1.0557
      1.0516
      1.0384
      1.0478
      1.0552
      1.0567
      1.0701
      1.0754
      1.0929
      1.0992
      1.0845
      1.0893
      1.0763
      1.0668
      1.0618
      1.0560
      1.0505
      1.0417
      1.0194
      1.0237
      1.0145
      1.0059
      0.9880
      0.9954
      0.9934
      1.0000
      1.0075
      1.0177
      1.0300
      1.0358
      1.0603
      1.0902
      1.0735
      1.0911
      1.0862
      1.0724
      1.0925
      1.0771
      1.0820
      1.0794
      1.0668
      1.0521
      1.0489
      1.0503
      1.1364
      1.1792
      1.1331
      1.1129
      1.0929
      0.9983
      0.9990
      0.9853
      0.9681
      0.9730
      0.9827
      0.9866
      1.0007
      0.9978
      1.0002
      1.0016
      1.0018
      1.0006
      1.0035
      1.0138
      0.9857
      0.9669
      0.9577
      0.9472
      0.9353
      0.9667
      0.9244
      0.9192
      0.9227
      0.9398
      0.9503
      0.9846
      1.0024
      1.0688
      1.0582
      1.0335
      1.0536
      1.0297
      1.0209
      1.0500
      1.0251
      0.9859
      0.9773
      0.9630
      0.9534
      0.9455
      0.9364
      0.9246
      0.9151
      0.9052
      0.8916
      0.9085
      0.8908
      0.9119
      0.9503
      0.9544
      0.9234
      0.9376
      1.0140
      1.0378
      1.0304
      1.0097
      0.9921
      1.0009
      1.4209
      1.1755
      1.2656
      1.2743
      1.2575
      1.2414
      1.2447
      1.2184
      1.1691
      1.1156
      1.0716
      1.0426
