2019-07-01 07  23     0.0000     0.0000     0.0000     0.0000     0.0000     0.0000     0.0000     0.0000     0.0000     0.0000     0.0000     0.0000     0.0000     0.0000     0.0000 14701.4717 13384.0137 12616.7441 11855.7266 11114.6133 10177.5166  9425.2139  8803.9814  7621.5352  7136.7783  6659.2300  6186.0493  5715.6299  5249.6338  4789.3911  3765.1477  2183.9131  1958.3008  1843.0305     0.0000     0.0000     0.0000     0.0000     0.0000     0.0000
2019-07-01 07  22     0.0000     0.0000     0.0000     0.0000     0.0000     0.0000     0.0000     0.0000     0.0000     0.0000     0.0000     0.0000     0.0000     0.0000     0.0000 14701.4717 13384.0137 12616.7441 11855.7266 11114.6133 10177.5166  9425.2139  8803.9814  8193.8037  7166.0068  6678.9409  6186.0493  5715.6299  5249.6338  4789.3911  3765.1477  2183.9131  1958.3008  1843.0305     0.0000     0.0000     0.0000     0.0000     0.0000     0.0000
2019-07-01 07  21     0.0000     0.0000     0.0000     0.0000     0.0000     0.0000     0.0000     0.0000     0.0000     0.0000     0.0000     0.0000     0.0000 16446.3652 15568.9658 14701.4717 13384.0137 12616.7441 11855.7266 11114.6133 10177.5166  8616.4121  8115.5962  7621.5352  7136.7783  6659.2300  6186.0493     0.0000     0.0000     0.0000     0.0000     0.0000     0.0000     0.0000     0.0000     0.0000     0.0000     0.0000     0.0000     0.0000
2019-07-01 07  20     0.0000     0.0000     0.0000     0.0000     0.0000     0.0000     0.0000     0.0000     0.0000     0.0000     0.0000     0.0000     0.0000 16446.3652 15568.9658 14701.4717 13723.0625 12617.4746 11855.7266 11114.6133 10177.5166  9425.2139  8803.9814  8193.8037  7166.0068  6679.8760  6186.0493  5715.6299  5249.6338  4789.3911     0.0000     0.0000     0.0000     0.0000     0.0000     0.0000     0.0000     0.0000     0.0000     0.0000
2019-07-01 07  15     0.0000     0.0000     0.0000     0.0000     0.0000     0.0000     0.0000     0.0000     0.0000 20015.6426 19120.3281 18226.6562 17334.2207 16446.3652 15568.9658 14701.4717 13384.0137 12616.7441 11855.7266 11114.6133 10177.5166  9425.2139  8803.9814  7621.5352  7136.7783  6659.2300  6186.0493  5715.6299  5249.6338     0.0000     0.0000     0.0000     0.0000     0.0000     0.0000     0.0000     0.0000     0.0000     0.0000     0.0000
2019-07-01 07  19     0.0000     0.0000     0.0000     0.0000     0.0000     0.0000     0.0000     0.0000     0.0000     0.0000     0.0000     0.0000     0.0000     0.0000     0.0000     0.0000     0.0000     0.0000 11855.7266 11114.6133 10177.5166  9425.2139  8803.9814  8193.8037  7166.0068  6679.8760  6186.0493  5715.6299  5249.6338  4789.3911  3765.1477  3408.5266  1958.3008  1843.0305  1728.7761     0.0000     0.0000     0.0000     0.0000     0.0000
2019-07-01 07  18     0.0000     0.0000     0.0000     0.0000     0.0000     0.0000     0.0000     0.0000     0.0000     0.0000     0.0000     0.0000     0.0000     0.0000     0.0000 14701.4717 13384.0137 12616.7441 11855.7266 11114.6133 10177.5166  9425.2139  8115.5962  7621.5352  7136.7783  6659.2300  6186.0493  5715.6299  5249.6338  4789.3911  3765.1477  2183.9131  1958.3008  1843.0305  1728.7761     0.0000     0.0000     0.0000     0.0000     0.0000
2019-07-01 07  17     0.0000     0.0000     0.0000     0.0000     0.0000     0.0000     0.0000     0.0000     0.0000     0.0000     0.0000     0.0000     0.0000     0.0000 15568.9658 14701.4717 13384.0137 12616.7441 11855.7266 11114.6133 10177.5166  8616.4121  8115.5962  7621.5352  7136.7783  6659.2300  6186.0493  5715.6299  5249.6338     0.0000     0.0000     0.0000     0.0000     0.0000     0.0000     0.0000     0.0000     0.0000     0.0000     0.0000
2019-07-01 07  16     0.0000     0.0000     0.0000     0.0000     0.0000     0.0000     0.0000     0.0000     0.0000 20015.6426 19120.3281 18226.6562 17334.2207 16446.3652 15568.9658 14701.4717 13384.0137 12616.7441 11855.7266 11114.6133 10177.5166  8616.4121  8115.5962  7621.5352  7136.7783  6659.2300  6186.0493  5715.6299  5249.6338  4789.3911  3765.1477  2183.9131     0.0000     0.0000     0.0000     0.0000     0.0000     0.0000     0.0000     0.0000
2019-07-01 07  13     0.0000     0.0000     0.0000     0.0000     0.0000     0.0000     0.0000 36120.3789 34082.8594 32064.7285 27006.8887 25398.5547 21870.0566 19516.2637 18303.1191 17108.3281 13723.0625 12617.4746 11855.7266 11114.6133 10177.5166  9425.2139  8803.9814  8193.8037  7167.2388     0.0000     0.0000     0.0000     0.0000     0.0000     0.0000     0.0000     0.0000     0.0000     0.0000     0.0000     0.0000     0.0000     0.0000     0.0000
2019-07-01 07  12     0.0000     0.0000     0.0000     0.0000     0.0000     0.0000     0.0000 36120.3789 34082.8594 32064.7285 27396.8770 25398.5547 21870.0566 19516.2637 18303.1191 17108.3281 13723.0625 12617.4746 11855.7266 11114.6133 10177.5166  9425.2139  8803.9814  8193.8037  7167.2388  6679.8760  6186.0493  5715.6299     0.0000     0.0000     0.0000     0.0000     0.0000     0.0000     0.0000     0.0000     0.0000     0.0000     0.0000     0.0000
2019-07-01 07  11     0.0000     0.0000     0.0000     0.0000     0.0000     0.0000 38462.1094 36120.3789 34082.8594 32064.7285 27006.8887 25398.5547 21870.0566 19516.2637 18303.1191 17108.3281 13723.0625 12617.4746 11855.7266 11114.6133 10177.5166  9425.2139  8803.9814  8193.8037  7167.2388  6679.8760  6186.0493  5715.6299     0.0000     0.0000     0.0000     0.0000     0.0000     0.0000     0.0000     0.0000     0.0000     0.0000     0.0000     0.0000
2019-07-01 07  10     0.0000     0.0000     0.0000     0.0000     0.0000     0.0000     0.0000     0.0000     0.0000     0.0000     0.0000     0.0000     0.0000 19516.2637 18303.1191 17108.3281 13723.0625 12617.8145 11855.7266 11114.6133 10177.5166  9425.2139  8803.9814  8193.8037  7167.2388  6679.8760  6186.0493  5715.6299     0.0000     0.0000     0.0000     0.0000     0.0000     0.0000     0.0000     0.0000     0.0000     0.0000     0.0000     0.0000
2019-07-01 07   9     0.0000     0.0000     0.0000     0.0000     0.0000     0.0000 38462.1094 36120.3789 34082.8594 32064.7285 27396.8770 25398.5547 21870.0566 19516.2637 18303.1191 17108.3281 13723.0625 12617.4746 11855.7266 11114.6133 10177.5166  9425.2139  8803.9814  8193.8037  7167.2388  6679.8760  6186.0493  5715.6299     0.0000     0.0000     0.0000     0.0000     0.0000     0.0000     0.0000     0.0000     0.0000     0.0000     0.0000     0.0000
2019-07-01 07   8     0.0000     0.0000     0.0000     0.0000     0.0000 40573.5820 38462.1094 36120.3789 34082.8594 32064.7285 27006.8887 25398.5547 21870.0566 19516.2637 18303.1191 17108.3281 13723.0625 12617.4746 11855.7266 11114.6133 10177.5166  9425.2139  8803.9814  8193.8037     0.0000     0.0000     0.0000     0.0000     0.0000     0.0000     0.0000     0.0000     0.0000     0.0000     0.0000     0.0000     0.0000     0.0000     0.0000     0.0000
2019-07-01 07   7     0.0000     0.0000     0.0000     0.0000     0.0000 40573.9805 38462.2266 36120.3789 34082.8594 32064.7285 27396.8770 25398.5547 21870.0566 19516.2637 18303.1191 17108.3281 13723.0625 12617.8145 11855.7266 11114.6133 10177.5166  9425.2139  8803.9814  8193.8037  7167.2388  6679.8760  6186.0493  5715.6299     0.0000     0.0000     0.0000     0.0000     0.0000     0.0000     0.0000     0.0000     0.0000     0.0000     0.0000     0.0000
2019-07-01 07   6     0.0000     0.0000     0.0000     0.0000     0.0000 40573.5820 38462.1094 36120.3789 34082.8594 32064.7285 27006.8887 25398.5547 21870.0566 19516.2637 18303.1191 17108.3281 13723.0625 12617.4746 11855.7266 11114.6133 10177.5166  9425.2139  8803.9814  8193.8037  7167.2388  6679.8760  6186.0493  5715.6299     0.0000     0.0000     0.0000     0.0000     0.0000     0.0000     0.0000     0.0000     0.0000     0.0000     0.0000     0.0000
2019-07-01 07  14     0.0000     0.0000     0.0000     0.0000     0.0000 40573.9805 38462.2266 36120.3789 34077.9766 20015.6426 19120.3281 18226.6562 17334.2207 16446.3652 15568.9658 14701.4717 13723.0625 12616.8740 11855.7266 11114.6133 10177.5166  9425.2139  8803.9814  8193.8037  7166.0068  6679.8760  6186.0493  5715.6299  5249.6338     0.0000     0.0000     0.0000     0.0000     0.0000     0.0000     0.0000     0.0000     0.0000     0.0000     0.0000
2019-07-01 07   5     0.0000     0.0000     0.0000     0.0000 42697.8359 40573.5820 38462.1094 36120.3789 34082.8594 32064.7285 27006.8887 25398.5547 21870.0566 19516.2637 18303.1191 17108.3281 13723.0625 12617.4746 11855.7266 11114.6133 10177.5166  9425.2139  8803.9814  8193.8037  7167.2388  6679.8760  6186.0493  5715.6299     0.0000     0.0000     0.0000     0.0000     0.0000     0.0000     0.0000     0.0000     0.0000     0.0000     0.0000     0.0000
2019-07-01 07   3     0.0000     0.0000     0.0000     0.0000 42698.5273 40573.9805 38462.2266 36120.3789 34082.8594 20015.6426 19120.3281 18226.6562 17334.2207 16446.3652 15568.9658 14701.4717 13382.7578 12616.7100 11855.7266 11114.6133 10177.5166  9425.6416  8804.6348  8193.8867  7167.2388  6659.2300     0.0000     0.0000     0.0000     0.0000     0.0000     0.0000     0.0000     0.0000     0.0000     0.0000     0.0000     0.0000     0.0000     0.0000
2019-07-01 07   2     0.0000     0.0000     0.0000     0.0000 42698.5273 40573.9805 38462.2266 36120.3789 34082.8594 32064.7285 19120.3281 18226.6562 17334.2207 16446.3652 15568.9658 14701.4717 13723.0625 12617.4746 11855.7266 11114.6133 10177.5166  9425.6416  8804.6348  8193.8867  7167.2388  6679.8760  6186.0493     0.0000     0.0000     0.0000     0.0000     0.0000     0.0000     0.0000     0.0000     0.0000     0.0000     0.0000     0.0000     0.0000
2019-07-01 07   4     0.0000     0.0000     0.0000 44842.4062 42698.5273 40573.9805 38462.2266 36344.0977 34082.8594 20015.6426 19120.3281 18226.6562 17334.2207 16446.3652 15568.9658 14701.4717 13382.7578 12616.7100 11855.7266 11114.6133 10177.5166  9425.6416  8804.6348  8193.8867  7136.7783  6659.2300  6186.0493  5715.6299  5249.6338  4789.3911     0.0000     0.0000     0.0000     0.0000     0.0000     0.0000     0.0000     0.0000     0.0000     0.0000
2019-07-01 07   1     0.0000     0.0000     0.0000 44842.4062 42698.5273 40573.9805 38462.2266 36120.3789 34082.8594 20015.6426 19120.2441 18226.6562 17334.2207 16446.3652 15568.9658 14701.4717 13382.7578 12616.7100 11855.7266 11114.6133 10177.5166  9425.6416  8804.6348  8193.8867  7136.7783  6659.2300     0.0000     0.0000     0.0000     0.0000     0.0000     0.0000     0.0000     0.0000     0.0000     0.0000     0.0000     0.0000     0.0000     0.0000
