CRPS
      0.3382
      0.3161
      0.2948
      0.3296
      0.3267
      0.3265
      0.3274
      0.3286
      0.3301
      0.2716
      0.7492
      1.5176
      1.1422
      0.5987
      0.3925
      0.4947
      0.3680
      0.3911
      0.3948
      0.3714
      0.3465
      0.3188
      0.2903
      0.2745
      0.2580
      0.3185
      0.3149
      0.3628
      0.3731
      0.3762
      0.3800
      0.4524
      0.6096
      0.6595
      0.7854
      0.5369
      0.4401
      0.4339
      0.4178
      0.4316
      0.4579
      0.4185
      0.2899
      0.5287
      0.5053
      0.4830
      0.4720
      0.4726
