CRPS
      8.5307
      7.9691
      7.7203
      7.7568
      7.5272
      7.3111
      7.8846
      8.8862
      8.1878
      9.6096
      9.9889
     10.0896
     10.1704
      9.3041
      9.0973
      8.5022
      7.9590
      7.7016
      7.2791
      6.7827
      6.1936
      5.0008
      4.9296
      3.9702
      3.9708
      3.9909
      4.1037
      4.3241
      4.5894
      4.9295
      5.2490
      5.5037
      5.6647
      5.7161
      5.7537
      5.6823
      5.7766
      5.8430
      5.9750
      6.2373
      6.6249
      7.3049
      7.4542
      7.8334
      8.0849
      7.8578
      7.6941
      7.6352
      6.7005
      6.5000
      6.3209
      6.0618
      5.8398
      5.6531
      5.4200
      5.3326
      5.4321
      5.7437
      6.2368
      6.7575
      6.9734
      7.4826
      7.4693
      6.8341
      6.4478
      6.0604
      5.7645
      5.4774
      5.2123
      4.9667
      4.7480
      4.6388
      4.4277
      4.3212
      4.2326
      4.1310
      4.0731
      4.0044
      3.9287
      4.0554
      5.0669
      6.3867
      7.6669
      8.4852
      8.6799
      8.0493
      8.3612
      7.5033
      7.3675
      7.0147
      6.8522
      6.6360
      6.2828
      6.2982
      6.0385
      4.9513
      5.1857
      4.9177
      4.4110
      3.9316
      3.5667
      3.5723
      3.7085
      3.7912
      4.1767
      4.6418
      5.2898
      5.7623
      6.2286
      5.8374
      4.9329
      5.5641
      6.3284
      5.3113
      5.8598
      6.0200
      6.3020
      5.9843
      5.6529
      5.3401
      5.0618
      4.8272
      4.7021
      4.5421
      4.4161
      4.3189
      4.2031
      4.1245
      4.0452
      4.0470
      4.6303
      5.4807
      5.6730
      6.6946
      6.3394
      6.5436
      6.4118
      5.9757
      5.6598
      5.7088
      5.3950
      5.0953
      4.9550
      4.3548
      4.3846
      4.1715
      3.8207
      3.7525
      3.3959
      3.3946
      3.7357
      3.8696
      4.9870
      5.8271
      6.3836
      6.9512
      7.1571
      7.4291
      9.0955
      9.7498
      8.4650
      8.1097
      7.6562
      7.2671
      7.1197
      6.7150
      6.2860
      5.8877
      5.6821
      5.1466
      4.8169
      4.5389
      4.0484
      3.9569
      3.8813
      3.6544
      3.7717
      5.1167
      5.4919
      5.8036
      6.6051
      9.9402
     12.2715
     12.4587
     11.5899
     10.9698
     10.3729
      9.4109
      8.6402
      8.4177
      7.9169
      7.3007
      7.2467
      6.9767
      6.5854
      6.3402
      5.8140
      5.8709
      5.8107
      5.6609
      5.9231
      6.7246
      6.8296
      6.9682
      6.8254
      6.3017
      6.6674
      7.0495
      5.9738
      4.7314
      3.9618
      3.9954
      4.7396
      5.7445
      6.2782
      6.8756
      7.2462
      7.3498
      7.3507
      7.1112
      6.3926
      5.7768
      5.1737
      4.6312
      4.3384
      4.0561
      3.8931
      3.7506
      3.6400
      3.5012
      3.8858
      3.8283
      3.8177
      3.9587
      3.9810
      3.9696
      3.9453
      3.9123
      3.8968
      3.8500
      4.0378
      3.7912
      3.6666
      3.5052
      3.5048
      3.5807
      3.8116
      4.2018
      4.2333
      4.4082
      4.7314
      4.2841
      4.3039
      5.0681
      5.3667
      5.4362
      5.2701
      5.1207
      5.2435
      5.2159
      5.1114
      5.1587
      5.2723
      4.8437
      4.9019
      4.6942
      4.3751
      4.4052
      4.2477
      4.2169
      4.0828
      4.3199
      4.9168
      5.3380
      6.1122
      6.9527
      7.3199
      7.7279
      7.4021
      7.3006
      6.9854
      6.4449
      6.2744
      5.9953
      6.0919
      5.8342
      5.9170
      5.6640
      5.7589
      5.4698
      5.3167
      5.3007
      5.2503
      5.2551
      5.4039
      5.8464
      6.6677
      8.0486
      9.1925
      9.9211
     10.3376
     10.2792
     10.1038
      9.6426
      9.1509
      8.7007
      8.3613
      8.1168
      7.6111
      7.3571
      7.0353
      6.7462
      6.5629
      6.3559
      6.1020
      6.0405
      5.8612
      5.8335
      5.8600
      6.2099
      6.8998
      7.8127
      8.7530
      9.5454
      9.9367
      9.7562
      9.7027
      9.1743
      8.8613
      8.6677
      8.1450
      7.8020
      7.7169
      3.6956
      6.1339
      6.9060
      6.9068
      6.5618
      6.5719
      6.1253
      6.0088
      6.1420
      6.5203
      6.8736
      7.7455
      9.0057
     10.2132
     10.9168
     11.1170
     11.2487
     10.9676
     10.6248
     10.2180
      9.9146
      9.7074
      9.4155
      9.1224
      8.8236
      8.7935
      8.5928
      8.2472
      8.2305
      8.2854
      8.1758
      8.1351
      8.4835
      8.9333
      9.0422
     10.3148
     11.3747
     12.2632
     12.8092
     12.9279
     13.0543
     12.5833
     12.2986
     11.7674
     11.8546
     10.2330
     10.5711
     10.0706
      9.7792
      9.8555
      8.9544
      8.6718
      8.7766
      8.2401
      8.0953
      7.8639
      7.7019
      7.7652
      8.0561
      8.1136
      8.9138
      8.9846
      9.3614
      9.4409
      9.4575
      9.2603
      9.1596
      9.1546
      8.8073
      8.8157
      8.7609
      8.5518
      8.3383
      8.0861
      8.0198
      6.2945
      6.4485
      6.0265
      5.4676
      5.4595
      5.4463
      6.1343
      6.8408
      8.4357
      8.8870
      9.2664
     10.0193
     10.1068
     10.2724
     10.1383
      9.9505
      9.9375
     10.0170
      9.5850
      9.5229
      9.6916
      9.3934
      9.2380
      7.9656
      8.1842
      7.2927
      6.5692
      6.1289
      6.0678
      6.0974
      6.4219
      7.1814
      8.4740
      8.0540
      8.4539
      8.9622
      8.9443
      8.5758
      8.6034
      8.5464
      8.3095
      8.4460
      8.4177
      8.3693
      8.0839
      8.1092
      7.1599
      6.1492
      6.0112
      5.8562
      5.1445
      4.9260
      4.5169
      4.3001
      3.7365
      3.8924
      5.6082
      5.2812
      7.2077
      6.2272
      6.2492
      6.2871
      6.6316
      6.4106
      6.2440
      5.8382
      5.4454
      5.2886
      5.0691
      4.8431
      4.4990
      4.3504
      3.9116
      3.8218
      3.4431
      2.9315
      3.0622
      3.8703
      2.4670
      3.8338
      4.8059
      3.9372
      3.5413
      2.9844
      3.1775
      3.3665
      3.7915
      3.6612
      3.6519
      3.6467
      3.6057
      3.5320
      3.4363
      3.5230
      3.2905
      2.8906
      2.9779
      2.6041
      2.4745
      2.1053
      1.8413
      1.7051
      1.6916
      1.6396
      1.6640
      1.6563
      1.9139
      1.9590
      2.2113
      2.2730
      2.7316
      2.6463
      2.6176
      2.7145
      2.4007
      2.3648
      2.4913
      2.1592
      1.9938
      1.6084
      1.6707
      1.6981
      1.5722
      1.5688
      1.5712
      1.5920
      1.5837
      1.6119
      1.5945
      1.5898
      1.9308
      2.4683
      3.1148
      3.4628
      3.8277
      3.6047
      3.7504
      3.3928
      3.0472
      2.9861
      2.7705
      2.5220
      1.9820
      2.3844
      2.2908
      1.9346
      1.7553
      1.5745
      1.4918
      1.5034
      1.5150
      1.5287
      1.5485
      1.5782
      1.6275
      1.6626
      1.6702
      1.6707
      1.6808
      1.7680
      1.8993
      1.9224
      1.8145
      1.8433
      1.9916
      2.0710
      1.9607
      1.8265
      1.7273
      1.4534
      1.6201
      1.4499
      1.4307
      1.4344
      1.4419
      1.4893
      1.4607
      1.4365
      1.5564
      2.0290
      2.0905
      2.4592
      2.7745
      2.5111
      2.7798
      2.7280
      2.6954
      2.6592
      2.6171
      2.3940
      2.2956
      2.1463
      2.1265
      1.8612
      1.8239
      1.6664
      1.4278
      1.3109
      1.3300
      1.3344
      1.3396
      1.3391
      1.3368
      1.3337
      1.3245
      1.3193
      1.3091
      1.3022
      1.2953
      1.2881
      1.2811
      1.3355
      1.2665
      1.2444
      1.2547
      1.2527
      1.2503
      1.2580
      1.2649
      1.2753
      1.2788
      1.2915
      1.3068
      1.3365
      1.3147
      1.3066
      1.3088
      1.2997
      1.2904
      1.2801
      1.2671
      1.2576
      1.2912
      1.3133
      1.3353
      1.2957
      1.2421
      1.3807
      1.2669
   -999.0000
   -999.0000
   -999.0000
   -999.0000
   -999.0000
   -999.0000
   -999.0000
   -999.0000
      1.8192
      1.1862
      1.1853
      1.1856
      1.1863
      1.1865
      1.2390
      1.4175
      1.3995
      1.4811
      1.3852
      1.4032
      1.3932
      1.4802
      1.3479
      1.2706
      1.2693
      1.1274
      1.1224
      1.1297
      1.1314
      1.1270
      1.1361
      1.1513
      1.1534
      1.1559
      1.1575
      1.1524
      1.1502
      1.1494
      1.1515
      1.1468
      1.1435
      1.1329
      1.1310
      1.1308
      1.1444
      1.1982
      1.1448
      1.1932
      1.0853
      1.0811
      1.0787
      1.0852
      1.0813
      1.0811
      1.0927
      1.0987
      1.1043
      1.1078
      1.1100
      1.1097
      1.1096
      1.1108
      1.1127
      1.1080
      1.1089
      1.1441
      1.2395
      1.1147
      1.1460
      1.1067
      1.1165
      1.1278
      1.1363
      1.1319
      1.1263
      1.1487
      1.1065
      1.0952
      1.0843
      1.0783
      1.0653
      1.0554
      1.0484
      1.0417
      1.0371
      1.1046
      1.0300
      1.0692
      1.0624
      1.1074
      1.0987
      1.1212
      1.1403
      1.1565
      1.0245
      0.9905
      0.9950
      0.9936
      0.9937
      0.9933
      0.9934
      0.9964
      1.0058
      1.0135
      1.0159
      1.0080
      1.0079
      1.0168
      1.0374
      1.0512
      1.0731
      1.0696
      1.0690
      1.0639
      1.0621
      1.0751
      1.1000
      1.1369
      1.1546
      1.1627
      1.1613
      1.1443
      1.1314
      1.1242
      1.1183
      1.0956
      1.0841
      1.0672
      1.0685
      1.0649
      1.0556
      1.0693
      1.1122
      1.1757
      1.2169
      1.2639
      1.2963
      1.2956
      1.2668
      1.2323
      1.1840
      1.1866
      1.1390
      1.0997
      1.0752
      1.0557
      1.0516
      1.0384
      1.0478
      1.0552
      1.0567
      1.0701
      1.0754
      1.0929
      1.0992
      1.0845
      1.0893
      1.0763
      1.0668
      1.0618
      1.0560
      1.0505
      1.0417
      1.0194
      1.0237
      1.0145
      1.0059
      0.9880
      0.9954
      0.9934
      1.0000
      1.0075
      1.0177
      1.0300
      1.0358
      1.0603
      1.0902
      1.0735
      1.0911
      1.0862
      1.0724
      1.0925
      1.0771
      1.0820
      1.0794
      1.0668
      1.0521
      1.0489
      1.0503
      1.1364
      1.1792
      1.1331
      1.1129
      1.0929
      0.9983
      0.9990
      0.9853
      0.9681
      0.9730
      0.9827
      0.9866
      1.0007
      0.9978
      1.0002
      1.0016
      1.0018
      1.0006
      1.0035
      1.0138
      0.9857
      0.9669
      0.9577
      0.9472
      0.9353
      0.9667
      0.9244
      0.9192
      0.9227
      0.9398
      0.9503
      0.9846
      1.0024
      1.0688
      1.0582
      1.0335
      1.0536
      1.0297
      1.0209
      1.0500
      1.0251
      0.9859
      0.9773
      0.9630
      0.9534
      0.9455
      0.9364
      0.9246
      0.9151
      0.9052
      0.8916
      0.9085
      0.8908
      0.9119
      0.9503
      0.9544
      0.9234
      0.9376
      1.0140
      1.0378
      1.0304
      1.0097
      0.9921
      1.0009
      1.4209
      1.1755
      1.2656
      1.2743
      1.2575
      1.2414
      1.2447
      1.2184
      1.1691
      1.1156
      1.0716
      1.0426
      1.0161
      0.9868
      0.9778
      1.1455
      0.9978
      1.0054
      1.0134
      1.0181
      1.0205
      1.0212
      1.0207
      1.0192
      1.0156
      1.1030
      1.1904
      1.2894
      1.3456
      1.2973
      1.3710
      1.4460
      1.3647
      1.3544
      1.3809
      1.2726
      1.2877
      1.2797
      1.0607
      0.9851
      0.9410
      0.9464
      0.9593
      0.9910
      1.0099
      0.9984
      1.0126
      1.0191
      1.0089
      1.0082
      1.0056
      1.0005
      1.0025
      1.0670
      1.1497
      1.1496
      1.1481
      1.2288
      1.0267
      1.1040
      1.2216
      1.0997
      0.9144
      0.9260
      0.9407
      0.9578
      1.0113
      1.0497
      1.0280
      1.1800
      1.0323
      1.0267
      1.0317
      1.0286
      1.0202
      1.0135
      1.0010
      1.0333
      1.0735
      1.0919
      1.1682
      1.2650
      1.1928
      1.1703
      1.2321
      1.3013
      1.0564
      0.9072
      0.9224
      0.9494
      0.9710
      0.9860
      1.0001
      0.9993
      1.0089
      1.0072
      1.0107
      1.0075
      1.0041
      0.9933
      1.0458
      1.2124
      1.2408
      1.3527
      1.4627
      1.4484
      1.4748
      1.5314
      1.4790
      1.2148
      1.2925
      1.2485
      1.1667
      0.9202
      0.9662
      1.0030
      1.0472
      1.0627
      1.1659
      1.2168
      1.2653
      1.2164
      4.0151
      3.7493
      2.7715
      2.2126
      1.8251
      1.7656
      1.8019
      1.7662
      1.8093
      1.6366
      1.7252
      1.6392
      1.4721
      1.3772
      1.1689
      0.9976
      0.9981
      1.0252
      1.0057
      1.0325
      1.5355
      2.9447
      4.5620
      4.5187
      4.0225
      3.5599
      3.2223
      2.7826
      2.6402
      2.5212
      2.4298
      2.5702
      2.1316
      2.3144
      2.2500
      2.1632
      2.0686
      1.8791
      1.7333
      1.5213
      1.2299
      1.0211
      1.2418
      1.5479
      2.2613
      3.0745
      4.0484
      5.0107
      2.5315
      5.4746
      2.4697
      2.8365
      2.9450
      2.8591
      2.5882
      2.2477
      1.9670
      1.8012
      1.6626
      1.5013
      1.3779
      1.3142
      1.2753
      1.2785
      1.3569
      1.4724
      1.6380
      1.7484
      1.7708
      1.8083
      1.7268
      1.6744
      1.6177
      1.5326
      1.4524
      1.3969
      1.3450
      1.2823
      1.2291
      1.2045
      1.2354
      1.1418
      1.1360
      1.1207
      1.1222
      1.1279
      1.1285
      1.1513
      1.1454
      1.1617
      1.2090
      1.2324
      1.2229
      1.2459
      1.2509
      1.2541
      1.2545
      1.2511
      1.2284
      1.2039
      1.1926
      1.1801
      1.1680
      1.1564
      1.1468
      1.1401
      1.1519
      1.1529
      1.1727
      1.1960
      1.2846
      1.2933
      1.3261
      1.3913
      1.4671
      1.4787
      1.6645
      1.5458
      1.4632
      1.4478
      1.4904
      1.5033
      1.4349
      1.3919
      1.3713
      1.3324
      1.3307
      1.2900
      1.2516
      1.2488
      1.2159
      1.2361
      1.2264
      1.2014
      1.1963
      1.2095
      1.2070
      1.2061
      1.2067
      1.2450
      1.2890
      1.2884
      1.2871
      1.2836
      1.2567
      1.2492
      1.2192
      1.1891
      1.1595
      1.1479
      1.1916
      1.0951
      1.1333
      1.1264
      1.1404
      1.2229
      1.2244
      1.2770
      1.2566
      1.3141
      1.3481
      1.4140
      1.4200
      1.3947
      1.3141
      1.3732
      1.3758
      1.3213
      1.3015
      1.3466
      1.3528
      1.3931
      1.4718
      1.5261
      1.5684
      1.5272
      1.4997
      1.5782
      1.5281
      1.4489
      1.4511
      1.3989
      1.3498
      1.3548
      1.4619
      1.6837
      1.7472
      2.0345
      2.1166
      2.1096
      2.0266
      1.8882
      1.7545
      1.6654
      1.5824
      1.5386
      1.3571
      1.3014
      1.2529
      1.2301
      1.2331
      1.1589
      1.2070
      1.2211
      1.2160
      1.2858
      1.3392
      1.3991
      1.4009
      1.4347
      1.5388
      1.6537
      1.5418
      1.5419
      1.5409
      1.5386
      1.5348
      1.4942
      1.4872
      1.4789
      1.4368
      1.4278
      1.3876
      1.3798
      1.3432
      1.4659
      1.4638
      1.4645
      1.4678
      1.5444
      1.6286
      1.6392
      1.7331
      1.7050
      1.7607
      1.8625
      1.8296
      1.8387
      1.8441
      1.8453
      1.8420
      1.7474
      1.6549
      1.6417
      1.5888
      1.5740
      1.5230
      1.6212
      1.5708
      1.3588
      1.4172
      1.4836
      1.5217
      1.5644
      1.7322
      1.7429
      1.7969
      1.8976
      1.9544
      2.0116
      1.9226
      1.9282
      1.8852
      1.8865
      1.8846
      1.8791
      1.7809
      1.6853
      1.6715
      1.6169
      1.6015
      1.5493
      1.5744
   -999.0000
      3.0491
      1.5597
      1.5641
      1.6659
      1.6672
      1.7099
      1.6654
      1.6136
      1.5922
      1.5432
      1.5432
      1.6624
      1.8764
      2.0333
      2.0973
      2.0704
      2.0861
      2.2760
      2.4398
      2.5990
      2.6031
      2.4480
      2.2229
      2.1493
      1.9774
      1.8618
      1.7570
      1.6643
      1.6225
      1.6742
      1.7244
      1.7692
      1.8549
      1.9728
      2.0903
      2.1812
      2.2342
      2.0597
      2.0872
      2.0462
      2.0333
      1.9245
      1.7808
      1.6512
      1.5372
      1.5187
      1.4511
      1.3702
      1.3470
      1.3540
      1.3938
      1.4149
      1.4125
      1.4127
      1.5036
      1.5381
      1.5750
      1.6130
      1.6152
      1.5472
      1.5478
      1.5466
      1.5436
      1.5376
      1.5623
      1.5503
      1.5369
      1.5223
      1.4753
      1.6748
      1.4202
      1.3835
      1.5748
      1.6130
      1.6180
      1.7049
      1.7992
      1.8114
      1.8687
      1.8813
      1.9406
      1.9522
      2.0110
      1.9230
      1.8820
      1.8842
      1.8373
      1.7877
      1.7353
      1.8043
      1.7451
      1.6864
      1.6304
      1.6149
      1.6016
      1.6697
      1.6654
      1.6653
      1.6690
      1.7148
      1.8062
      1.8574
      1.8646
      1.8703
      1.9220
      1.8803
      1.9306
      1.7982
      1.9361
      1.8029
      1.8483
      1.8468
      1.7983
      1.7916
      1.7396
      1.7280
      1.6732
      1.6577
      1.6046
      1.5930
      1.7027
      1.6992
      1.6991
      1.7427
      1.7043
      1.7076
      1.7524
      1.7134
      1.7577
      1.7181
      1.7201
      1.7217
      1.7229
      1.7230
      1.7210
      1.7155
      1.7059
      1.6527
      1.6377
      1.5836
      1.5315
      1.5174
      1.4709
      1.4631
