CRPS
      1.5694
      1.5189
      1.4458
      1.3602
      1.2549
      1.2460
      1.2789
      1.2796
      1.3193
      1.3387
      1.2976
      1.3527
      1.3654
      1.3740
      1.4444
      1.5936
      1.5517
      1.6161
      1.6114
      1.5029
      1.6523
      1.5107
      1.5808
      1.6783
      1.7615
      1.9574
      2.1891
      2.3996
      2.5748
      2.7664
      2.8251
      2.8756
      2.8438
      2.9373
      3.2434
      3.2305
      3.4393
      3.7160
      3.7033
      3.8890
      4.3746
      4.8179
      4.8454
      4.6335
      4.3595
      4.0597
      3.7044
      3.6460
      3.3494
      3.4087
      2.9420
      2.9537
      2.7027
      2.4292
      2.1971
      2.2381
      2.8285
      3.4161
      3.7424
      3.9810
      3.9529
      3.9686
      3.7260
      3.4758
      3.3874
      3.0647
      2.9137
      2.5140
      2.5154
      2.2870
      2.0940
      1.9318
      1.7924
      1.7947
      1.6775
      1.5764
      1.4898
      1.3841
      1.2207
      1.1728
      1.1446
      1.1925
      1.1361
      1.0680
      1.1034
      1.1247
      1.1015
      1.0778
      1.0360
      0.9966
      0.9448
      0.9267
      0.8961
      0.8681
      0.8484
      0.8691
      0.8981
      0.9032
      0.9121
      0.9105
      0.9583
      0.9641
      1.0053
      1.0329
      1.0267
      1.0504
      1.0362
      1.1101
      1.2044
      1.3564
      2.2543
      2.9858
      3.1601
      3.2496
      3.1320
      2.9188
      2.8448
      2.7024
      2.5258
      2.6245
      2.4905
      2.3224
      2.2362
      1.9169
      1.7788
      1.5866
      1.4951
      1.4204
      1.3830
      1.4842
      1.4322
      1.5193
      1.4470
      1.4602
      1.5315
      1.4934
      1.4530
      1.4450
      1.4379
      1.4660
      1.4292
      1.3629
      1.3714
      1.3246
      1.3453
      1.3109
      1.2833
      1.2902
      1.2745
      1.0974
      1.0460
      1.0389
      1.0473
      1.0516
      1.1041
      1.0399
      1.0451
      1.0727
      1.0514
      1.0573
      1.0478
      0.9770
      1.0142
      1.0272
      1.0247
      0.9518
      0.9776
      0.9756
      0.9784
      1.0019
      1.0071
      1.0774
      1.1035
      1.2408
      1.4746
      1.5298
      1.4721
      1.4633
      1.1764
      0.9823
      0.9577
      0.9434
      0.9362
      0.9273
      0.9231
      0.8986
      0.9286
      0.9065
      0.8592
      0.8413
      0.8064
      0.7707
      0.7570
      0.7517
      0.7360
      0.7374
      0.7295
      0.7363
      0.7591
      0.7602
      0.7518
      0.7562
      0.7462
      0.7571
      0.8204
      0.8524
      0.8627
      0.8342
      0.8053
      0.8196
      0.9536
      1.2637
      1.3340
      1.4941
      1.5611
      1.6895
      1.5826
      1.4723
      1.3667
      1.2741
      1.1896
      1.1099
      1.1851
      1.1418
      0.9945
      0.9572
      0.9376
      0.8894
      0.8590
      0.8102
      0.7847
      0.7690
      0.7336
      0.7329
      0.7079
      0.6916
      0.6811
      0.6712
      0.6604
      0.6592
      0.6550
      0.6516
      0.6488
      0.6382
      0.6354
      0.6353
      0.6362
      0.6934
      0.6906
      0.6454
      0.7384
      0.6424
      0.6555
      0.6471
      0.6907
      0.6359
      0.6292
      0.6234
      0.6160
      0.6098
      0.6037
      0.5912
      0.5931
      0.6036
      0.6151
      0.6160
      0.6286
      0.6378
      0.6499
      0.6638
      0.6795
      0.6944
      0.7096
      0.7236
      0.7259
      0.7318
      0.7299
      0.7287
      0.7173
      0.7051
      0.6960
      0.6786
      0.6709
      0.6586
      0.6653
      0.6789
      0.6440
      0.6566
      0.6292
      0.6346
      0.7888
      0.9121
      0.9053
      0.9177
      1.1422
      1.3710
      1.7022
      1.5859
      1.2831
      1.0953
      0.9629
      0.9455
      0.9394
      0.7675
      0.7840
      0.6907
      0.7259
      0.7641
      0.6519
      0.6426
      0.6746
      0.6457
      0.6560
      0.6791
      0.6929
      0.7035
      0.7246
      0.7404
      0.7422
      0.7565
      0.8058
      0.7808
      0.7791
      0.7860
      0.7931
      0.8083
      0.7962
      0.7983
      0.7658
      0.7324
      0.7293
      0.7012
      0.6933
      0.6756
      0.6723
      0.6801
      0.6881
      0.6930
      0.6937
      0.6933
      0.7036
      0.6982
      0.8019
      1.1192
      1.3948
      1.1750
      1.3504
      1.1157
      1.0223
      0.8793
      0.8483
      0.8830
      1.0055
      0.9180
      0.9187
      0.8604
      0.9109
      0.8759
      0.8787
      0.8756
      0.8969
      0.9252
      0.9297
      1.0842
      1.2382
      1.2770
      1.3751
      1.6970
      1.6945
      1.8292
      1.8712
      1.6418
      1.5986
      1.5882
      1.4693
      1.4428
      1.2203
      1.2538
      1.3151
      1.2636
      1.3055
      1.2124
      1.2961
      1.1856
      1.1394
      1.1537
      1.1702
      1.2488
      1.3092
      1.3486
      1.4212
      1.4394
      1.5149
      1.5652
      1.5346
      1.4826
      1.4085
      1.3688
      1.3956
      1.3981
      1.4127
      1.2949
      1.3269
      1.2229
      1.2528
      1.2514
      1.1615
      1.1170
      1.1723
      1.1730
      1.2242
      1.3014
      1.4060
      1.5519
      1.5947
      1.6205
      1.7651
      1.7041
      1.7352
      1.7702
      1.6406
      1.6278
      1.6617
      1.6882
      1.7053
      1.6876
      1.5930
      1.5753
      1.6005
      1.5303
      1.4861
      1.5141
      1.4350
      1.4059
      1.4540
      1.5248
      1.5600
      1.5807
      1.5704
      1.5842
      1.5874
      1.5958
      1.4145
      1.3565
      1.4289
      1.4106
      1.5303
      1.4158
      1.2961
      1.4811
      1.4511
      1.3932
      1.3841
      1.3419
      1.3146
      1.2801
      1.2411
      1.1474
      1.2078
      1.1504
      1.2240
      1.3048
      1.4369
      1.4742
      1.4202
      1.4511
      1.4089
      1.4747
      1.4401
      1.3586
      1.3365
      1.3514
      1.2766
      1.2592
      1.2421
      1.1747
      1.1050
      1.0781
      0.9511
      0.8900
      0.8918
      0.9135
      0.7742
      0.6326
      0.5932
      0.5908
      0.5934
      0.5834
      0.5676
      0.5795
      0.6845
      0.7644
      0.7150
      0.8097
      0.7797
      0.7665
      0.7000
      0.7215
      0.6897
      0.6974
      0.6983
      0.6683
      0.6268
      0.6625
      0.6070
      0.6325
      0.6333
      0.6757
      0.6950
      0.7370
      0.8237
      0.8448
      0.8686
      0.9182
      0.8804
      0.8022
      0.7202
      0.6630
      0.6673
      0.6812
      0.6323
      0.6721
      0.6684
      0.6829
      0.6731
      0.6568
      0.5845
      0.6378
      0.5795
      0.5781
      0.6341
      0.6677
      0.7220
      0.7977
      0.9222
      1.0034
      1.1574
      1.2005
      1.1744
      1.1521
      1.0861
      0.9621
      0.9169
      0.9655
      0.9054
      0.8685
      0.8538
      0.8376
      0.8617
      0.8369
      0.7411
      0.7389
      0.6919
      0.7027
      0.6716
      0.6801
      0.7096
      0.8019
      0.8386
      0.8853
      0.8656
      0.8530
      0.8611
      0.8567
      0.8251
      0.7625
      0.7994
      0.7988
      0.8200
      0.8183
      0.8350
      0.8089
      0.7800
      0.8669
      0.7379
      0.7071
      0.7337
      0.7178
      0.7190
      0.7382
      0.7498
      0.7965
      0.8735
      0.8991
      0.8884
      0.9702
      1.0451
      1.0309
      0.9830
      0.9831
      0.9459
      0.9495
      0.9317
      0.9122
      0.9514
      0.8671
      0.8824
      0.8749
      0.8812
      0.9024
      0.7855
      0.7832
      0.7811
      0.7792
      0.7773
      0.7378
      0.7004
      0.7032
      0.7273
      0.7544
      0.8026
      0.8141
      0.8247
      0.7777
      0.7702
      0.7435
      0.7551
      0.7477
      0.7216
      0.7680
      0.6855
      0.6914
      0.6756
      0.6393
      0.6538
      0.6147
      0.6089
      0.5015
      0.6619
      0.6574
      0.6517
      0.6835
      0.7545
      0.7745
      0.8751
      0.8639
      0.8753
      0.8703
      0.8291
      0.8468
      0.8462
      0.8071
      0.8046
      0.7827
      0.7789
      0.7391
      0.7330
      0.7250
      0.7320
      0.7361
      0.7199
      0.7357
      0.7316
      0.7602
      0.8222
      0.8872
      0.9157
      0.9476
      0.9444
      0.9647
      0.9701
      0.9216
      0.8967
      0.8909
      0.8485
      0.8604
      0.8019
      0.8119
      0.7866
      0.7929
      0.7954
      0.7429
      0.7570
      0.6834
      0.6795
      0.6752
      0.6706
      0.6671
      0.6654
      0.7008
      0.7705
      0.7381
      0.7703
      0.7654
      0.7655
      0.7709
      0.7454
      0.7228
      0.7344
      0.7102
      0.7048
      0.7309
      0.7072
      0.6981
      0.6700
      0.2373
      0.8687
      0.5742
      0.6041
      0.5981
      0.6515
      0.6377
      0.6495
      0.6326
      0.6352
      0.6384
      0.6426
      0.6887
      0.6664
      0.6679
      0.6675
      0.6650
      0.6852
      0.6614
      0.6472
      0.6218
      0.6526
      0.6367
      0.6045
      0.5834
      0.5659
      0.5023
      0.5209
      0.5388
      0.5554
      0.5705
      0.6003
      0.5957
      0.6061
      0.6647
      0.6231
      0.6302
      0.6364
      0.6419
      0.6470
      0.6516
      0.5943
      0.6137
      0.5867
      0.5748
      0.5782
      0.5814
      0.5844
      0.5408
      0.4969
      0.4989
      0.5007
      0.5021
      0.5020
      0.5004
      0.4977
      0.5238
      0.5326
      0.5564
      0.5623
      0.6485
      0.5561
      0.5167
      0.4741
      0.4849
      0.4994
      0.4287
      0.4900
      0.5718
      0.6674
      0.6678
      0.6316
      0.5339
      0.5540
      0.3960
      0.5961
      0.5173
      0.5301
      0.5385
      0.5413
      0.5404
      0.6009
      0.6254
      0.6666
      0.5183
      0.4472
      0.4243
      0.4333
      0.3928
      0.3777
      0.3847
      0.3764
      0.3971
      0.4300
      0.4430
      0.4657
      0.4058
      0.4181
      0.4257
      0.4285
      0.4266
      0.4362
      0.4890
      0.5711
      0.5921
      0.6814
      0.6722
      0.6678
      0.6661
      0.6826
      0.6730
      0.6842
      0.6317
      0.6139
      0.6126
      0.6116
      0.5787
      0.5907
      0.5662
      0.5651
      0.5133
      0.4900
      0.4653
      0.4557
      0.4457
      0.4817
      0.5017
      0.4898
      0.4781
      0.4842
      0.4784
      0.5386
      0.5569
      0.5618
      0.5700
      0.5844
      0.7829
      0.7536
      0.7584
      0.7277
      0.6799
      0.6956
      0.6758
      0.6189
      0.6181
      0.6129
      0.5888
      0.5487
      0.5252
      0.5332
      0.5570
      0.5352
      0.5298
      0.5567
      0.5544
      0.5542
      0.3243
      0.7838
      0.5699
      0.5677
      0.5369
      0.5376
      0.5378
      0.5524
      0.5657
      0.5774
      0.5845
      0.5850
      0.5803
      0.5291
      0.4762
      0.4662
      0.4852
      0.4760
      0.4674
      0.4884
      0.4958
      0.5045
      0.5005
      0.4985
      0.4984
      0.5000
      0.5065
      0.5185
      0.5335
      0.5496
      0.5223
      0.5376
      0.5085
      0.5214
      0.5293
      0.5311
      0.5284
      0.3673
      0.6202
      0.5323
      0.4908
      0.5062
      0.5066
      0.5219
      0.5396
      0.5451
      0.5997
      0.6411
      0.6526
      0.7377
      0.8475
      0.7339
      0.6650
      0.6225
      0.6197
      0.6350
      0.6506
      0.6026
      0.6242
      0.6356
      0.5467
      0.5450
      0.5398
      0.5609
      0.5717
      0.5494
      0.7112
      0.7379
      0.7344
      0.7333
      0.7341
      0.7367
      0.7412
      0.7472
      0.7249
      0.7107
      0.6837
      0.7067
      0.6828
      0.6573
      0.6762
      0.6932
      0.6570
      0.6111
      0.6039
      0.5918
      0.5765
      0.5587
      0.5393
      0.5346
      0.5918
      0.6191
      0.6483
      0.6339
      0.6726
      0.6982
      0.6958
      0.6801
      0.6730
      0.6427
      0.6674
      0.6477
      0.6277
      0.6527
      0.5227
      0.7132
      0.6152
      0.6120
      0.5991
      0.5662
      0.5593
      0.5359
      0.5266
      0.5782
      0.6145
      0.6702
      0.7138
      0.7612
      0.7639
      0.7559
      0.7538
      0.7565
      0.7205
      0.7143
      0.7462
      0.7138
      0.6982
      0.7300
      0.6974
      0.6928
      0.7086
      0.6941
      0.6995
      0.6824
      0.6605
      0.6351
      0.6693
      0.6877
      0.7571
      0.8121
      0.8254
      0.8426
      0.8672
      0.8629
      0.8639
      0.8515
      0.8147
      0.8075
      0.8410
      0.8274
      0.8297
      0.8636
      0.8937
      0.8868
      0.8205
      0.8204
      0.8104
      0.7950
      0.7761
      0.7549
      0.7498
      0.8222
      0.8805
      0.7982
      0.7496
      0.7214
      0.7068
      0.7097
      0.7272
      0.6849
      0.7097
      0.7142
      0.7609
      0.8086
      0.7719
      0.8139
      0.8163
      0.8476
      0.7833
      0.7835
      0.7716
      0.7362
      0.5609
      0.7482
      0.6728
      0.6893
      0.7317
      1.3003
      1.2059
      1.2811
      1.1534
      1.0401
      0.9760
      0.9718
      0.9544
      0.9761
      0.9635
      0.9490
      0.9837
      0.9339
      0.9611
      0.9842
      0.8815
      0.8813
      0.8278
      0.7868
      0.7591
      0.7451
      0.7179
      0.7295
      0.7013
      0.7313
      0.6587
      0.3774
      0.4153
      0.5183
      0.7176
      0.6702
      0.7908
      0.9228
      1.0263
      0.9301
      0.8154
      0.6658
      0.5484
      0.4670
      0.3994
      0.3554
      0.3225
      0.3219
      0.3118
      0.4260
      0.4495
      0.4343
      0.4651
      0.3766
      0.3374
      0.3437
      0.3446
      0.3380
      0.3323
      0.3245
      0.3163
      0.3079
      0.3293
      0.3866
      0.4403
      0.4393
      0.4506
      0.4883
      0.4842
      0.4717
      0.4845
      0.4429
      0.4463
      0.4446
      0.4379
      0.4273
      0.4309
      0.4672
      0.4380
      0.4912
      0.4450
      0.4193
      0.3063
      0.3835
      0.3672
      0.3658
      0.3704
      0.3313
      0.3384
      0.3448
      0.3649
      0.3373
      0.3168
      0.3156
      0.3069
      0.2940
      0.2783
      0.2628
      0.2491
      0.2446
      0.2506
      0.2528
      0.2629
      0.9640
      0.6591
      0.4230
      0.3789
      0.4453
      0.3960
      0.3978
      0.3604
      0.3858
      0.3955
      0.4190
      0.4499
      0.3688
      0.3519
      0.2548
      0.3393
      0.4455
      0.2800
      0.2864
      0.3067
      0.2781
      0.2774
      0.2750
      0.2719
      0.2696
      0.2438
      0.2585
      0.2641
      0.2724
      0.2352
      0.2597
      0.2649
      0.2709
      0.2272
      0.4152
      0.3267
      0.3287
      0.3525
      0.3552
      0.2713
      0.2778
      0.2558
      0.2464
      0.2502
      0.2403
      0.2451
      0.2904
      0.2433
      0.2771
      0.2721
      0.2545
      0.2641
      0.2626
      0.2667
      0.2650
      0.2345
      0.3404
      0.2712
      0.2895
      0.2558
      0.2536
      0.2487
      0.2451
      0.2781
      0.2660
      0.2527
      0.2376
      0.2505
      0.2617
      0.2649
      0.3647
      0.3652
      0.4197
      0.4178
      0.4035
      0.4058
      0.4230
      0.4110
      0.2308
      0.6688
      0.4046
      0.4194
      0.4328
      0.4449
      0.4556
      0.4367
      0.3999
      0.3868
      0.3860
      0.3845
      0.3814
      0.3633
      0.3172
      0.2991
      0.3229
      0.2940
      0.2797
      0.2803
      0.2823
      0.2851
      0.2889
      0.2955
      0.2774
      0.2606
      0.2842
      0.2673
      0.2630
      0.2712
      0.2784
      0.2824
      0.2567
      0.2025
      0.1963
      0.1893
      0.1910
      0.1934
      0.1968
      0.1964
      0.2020
      0.2047
      0.2072
      0.2103
      0.2122
      0.2122
      0.2105
      0.2090
      0.2058
      0.2022
      0.1992
      0.1969
      0.1934
      0.1911
      0.1905
      0.1992
      0.1891
      0.1870
      0.1902
      0.1904
      0.1969
      0.2011
      0.2055
      0.2054
      0.2070
      0.2103
      0.2138
      0.2175
      0.2182
      0.2160
      0.2212
      0.2203
      0.2180
      0.2060
      0.1977
      0.1935
      0.1910
      0.1890
      0.1865
      0.1844
      0.1843
      0.1851
      0.1869
      0.1878
      0.1940
      0.2006
      0.2085
      0.2131
      0.3442
      0.3224
      0.2688
      0.2746
      0.3368
      0.3178
      0.5890
      0.5217
      0.2758
      0.2711
      0.2807
      0.3224
      0.4128
      0.4315
      0.3771
      0.2880
      0.2577
      0.2498
      0.2732
      0.2842
      0.2477
      0.5041
      0.2889
      0.2894
      0.3580
      0.6057
      0.6638
      1.0353
      0.6735
      0.5266
      0.4890
      0.4111
      0.4104
      0.4509
      0.4397
      0.4944
      0.3232
      0.6280
      0.5499
      0.5223
      0.4857
      0.4689
      0.4752
      0.4759
      0.4571
      0.4519
      0.3693
      0.4261
      0.3915
      0.3572
      0.3532
      0.3502
      0.3487
      0.3489
      0.3361
      0.3295
      0.3159
      0.3062
      0.3275
      0.3487
      0.2424
      0.4024
      0.3913
      0.4014
      0.3610
      0.3665
      0.3940
      0.3112
      0.3213
      0.2775
      0.2749
      0.2863
      0.2976
      0.2819
      0.2689
      0.2601
      0.2421
      0.2396
      0.2515
      0.2460
      0.2365
      0.2437
      0.2535
      0.2770
      0.2854
      0.3050
      0.3232
      0.3329
      0.3183
      0.3247
      0.3152
      0.3046
      0.2805
      0.2839
      0.2756
      0.2689
      0.2632
      0.2587
      0.2540
      0.2495
      0.2459
      0.2430
      0.2412
      0.2469
      0.2614
      0.2720
      0.2804
      0.2955
      0.3140
      0.3202
      0.2725
      0.2855
      0.2886
      0.2855
      0.2922
      0.2714
      0.2644
      0.2591
      0.2546
      0.2507
      0.2479
      0.2449
      0.2953
      0.2518
      0.2628
      0.2874
      0.2992
      0.2501
      0.2497
      0.2677
      0.2874
      0.3072
      0.3258
      0.3428
      0.3581
      0.3529
      0.3118
      0.3194
