2019-06-13 07  23     0.0000     0.0000     0.0000     0.0000     0.0000     0.0000     0.0000     0.0000     0.0000     0.0000     0.0000     0.0000     0.0000     0.0000     0.0000  7557.4268  6500.6201  5994.0088  5493.6465  5013.1958  4336.7534  3845.1062  3484.5352  2562.7410  2338.6431  2121.7488  1909.2316  1699.4659  1494.1263  1294.5391   530.9555   432.8385   343.2393   260.6502     0.0000     0.0000     0.0000     0.0000     0.0000     0.0000
2019-06-13 07  22     0.0000     0.0000     0.0000     0.0000     0.0000     0.0000     0.0000     0.0000     0.0000     0.0000     0.0000     0.0000     0.0000     0.0000     0.0000  7557.4268  6500.6201  5994.0088  5493.6465  5013.1958  4336.7534  3845.1062  3484.5352  3135.0090  2367.8708  2141.4600  1909.2316  1699.4659  1494.1263  1294.5391   530.9555   432.8385   343.2393   260.6502     0.0000     0.0000     0.0000     0.0000     0.0000     0.0000
2019-06-13 07  21     0.0000     0.0000     0.0000     0.0000     0.0000     0.0000     0.0000     0.0000     0.0000     0.0000     0.0000     0.0000     0.0000  8781.0020  8164.2559  7557.4268  6500.6201  5994.0088  5493.6465  5013.1958  4336.7534  3036.3054  2796.1492  2562.7410  2338.6431  2121.7488  1909.2316     0.0000     0.0000     0.0000     0.0000     0.0000     0.0000     0.0000     0.0000     0.0000     0.0000     0.0000     0.0000     0.0000
2019-06-13 07  20     0.0000     0.0000     0.0000     0.0000     0.0000     0.0000     0.0000     0.0000     0.0000     0.0000     0.0000     0.0000     0.0000  8781.0020  8164.2559  7557.4268  6839.6689  5994.7393  5493.6465  5013.1958  4336.7534  3845.1062  3484.5352  3135.0090  2367.8708  2142.3948  1909.2316  1699.4659  1494.1263  1294.5391     0.0000     0.0000     0.0000     0.0000     0.0000     0.0000     0.0000     0.0000     0.0000     0.0000
2019-06-13 07  15     0.0000     0.0000     0.0000     0.0000     0.0000     0.0000     0.0000     0.0000     0.0000 11307.6582 10672.9893 10039.9873  9408.1973  8781.0020  8164.2559  7557.4268  6500.6201  5994.0088  5493.6465  5013.1958  4336.7534  3845.1062  3484.5352  2562.7410  2338.6431  2121.7488  1909.2316  1699.4659  1494.1263     0.0000     0.0000     0.0000     0.0000     0.0000     0.0000     0.0000     0.0000     0.0000     0.0000     0.0000
2019-06-13 07  19     0.0000     0.0000     0.0000     0.0000     0.0000     0.0000     0.0000     0.0000     0.0000     0.0000     0.0000     0.0000     0.0000     0.0000     0.0000     0.0000     0.0000     0.0000  5493.6465  5013.1958  4336.7534  3845.1062  3484.5352  3135.0090  2367.8708  2142.3948  1909.2316  1699.4659  1494.1263  1294.5391   530.9555   432.8385   343.2393   260.6502    22.1594     0.0000     0.0000     0.0000     0.0000     0.0000
2019-06-13 07  18     0.0000     0.0000     0.0000     0.0000     0.0000     0.0000     0.0000     0.0000     0.0000     0.0000     0.0000     0.0000     0.0000     0.0000     0.0000  7557.4268  6500.6201  5994.0088  5493.6465  5013.1958  4336.7534  3845.1062  2796.1492  2562.7410  2338.6431  2121.7488  1909.2316  1699.4659  1494.1263  1294.5391   530.9555   432.8385   343.2393   260.6502    22.1594     0.0000     0.0000     0.0000     0.0000     0.0000
2019-06-13 07  17     0.0000     0.0000     0.0000     0.0000     0.0000     0.0000     0.0000     0.0000     0.0000     0.0000     0.0000     0.0000     0.0000     0.0000  8164.2559  7557.4268  6500.6201  5994.0088  5493.6465  5013.1958  4336.7534  3036.3054  2796.1492  2562.7410  2338.6431  2121.7488  1909.2316  1699.4659  1494.1263     0.0000     0.0000     0.0000     0.0000     0.0000     0.0000     0.0000     0.0000     0.0000     0.0000     0.0000
2019-06-13 07  16     0.0000     0.0000     0.0000     0.0000     0.0000     0.0000     0.0000     0.0000     0.0000 11307.6582 10672.9893 10039.9873  9408.1973  8781.0020  8164.2559  7557.4268  6500.6201  5994.0088  5493.6465  5013.1958  4336.7534  3036.3054  2796.1492  2562.7410  2338.6431  2121.7488  1909.2316  1699.4659  1494.1263  1294.5391   530.9555   432.8385     0.0000     0.0000     0.0000     0.0000     0.0000     0.0000     0.0000     0.0000
2019-06-13 07  13     0.0000     0.0000     0.0000     0.0000     0.0000     0.0000     0.0000 26891.0801 25114.2246 23356.7129 18559.5469 17211.8926 13944.0293 11850.9033 10898.4150  9964.2842  6839.6689  5994.7393  5493.6465  5013.1958  4336.7534  3845.1062  3484.5352  3135.0090  2369.1030     0.0000     0.0000     0.0000     0.0000     0.0000     0.0000     0.0000     0.0000     0.0000     0.0000     0.0000     0.0000     0.0000     0.0000     0.0000
2019-06-13 07  12     0.0000     0.0000     0.0000     0.0000     0.0000     0.0000     0.0000 26891.0801 25114.2246 23356.7129 18949.5352 17211.8926 13944.0293 11850.9033 10898.4150  9964.2842  6839.6689  5994.7393  5493.6465  5013.1958  4336.7534  3845.1062  3484.5352  3135.0090  2369.1030  2142.3948  1909.2316  1699.4659     0.0000     0.0000     0.0000     0.0000     0.0000     0.0000     0.0000     0.0000     0.0000     0.0000     0.0000     0.0000
2019-06-13 07  11     0.0000     0.0000     0.0000     0.0000     0.0000     0.0000 28972.1543 26891.0801 25114.2246 23356.7129 18559.5469 17211.8926 13944.0293 11850.9033 10898.4150  9964.2842  6839.6689  5994.7393  5493.6465  5013.1958  4336.7534  3845.1062  3484.5352  3135.0090  2369.1030  2142.3948  1909.2316  1699.4659     0.0000     0.0000     0.0000     0.0000     0.0000     0.0000     0.0000     0.0000     0.0000     0.0000     0.0000     0.0000
2019-06-13 07  10     0.0000     0.0000     0.0000     0.0000     0.0000     0.0000     0.0000     0.0000     0.0000     0.0000     0.0000     0.0000     0.0000 11850.9033 10898.4150  9964.2842  6839.6689  5995.0786  5493.6465  5013.1958  4336.7534  3845.1062  3484.5352  3135.0090  2369.1030  2142.3948  1909.2316  1699.4659     0.0000     0.0000     0.0000     0.0000     0.0000     0.0000     0.0000     0.0000     0.0000     0.0000     0.0000     0.0000
2019-06-13 07   9     0.0000     0.0000     0.0000     0.0000     0.0000     0.0000 28972.1543 26891.0801 25114.2246 23356.7129 18949.5352 17211.8926 13944.0293 11850.9033 10898.4150  9964.2842  6839.6689  5994.7393  5493.6465  5013.1958  4336.7534  3845.1062  3484.5352  3135.0090  2369.1030  2142.3948  1909.2316  1699.4659     0.0000     0.0000     0.0000     0.0000     0.0000     0.0000     0.0000     0.0000     0.0000     0.0000     0.0000     0.0000
2019-06-13 07   8     0.0000     0.0000     0.0000     0.0000     0.0000 30822.9824 28972.1543 26891.0801 25114.2246 23356.7129 18559.5469 17211.8926 13944.0293 11850.9033 10898.4150  9964.2842  6839.6689  5994.7393  5493.6465  5013.1958  4336.7534  3845.1062  3484.5352  3135.0090     0.0000     0.0000     0.0000     0.0000     0.0000     0.0000     0.0000     0.0000     0.0000     0.0000     0.0000     0.0000     0.0000     0.0000     0.0000     0.0000
2019-06-13 07   7     0.0000     0.0000     0.0000     0.0000     0.0000 30823.3848 28972.2715 26891.0801 25114.2246 23356.7129 18949.5352 17211.8926 13944.0293 11850.9033 10898.4150  9964.2842  6839.6689  5995.0786  5493.6465  5013.1958  4336.7534  3845.1062  3484.5352  3135.0090  2369.1030  2142.3948  1909.2316  1699.4659     0.0000     0.0000     0.0000     0.0000     0.0000     0.0000     0.0000     0.0000     0.0000     0.0000     0.0000     0.0000
2019-06-13 07   6     0.0000     0.0000     0.0000     0.0000     0.0000 30822.9824 28972.1543 26891.0801 25114.2246 23356.7129 18559.5469 17211.8926 13944.0293 11850.9033 10898.4150  9964.2842  6839.6689  5994.7393  5493.6465  5013.1958  4336.7534  3845.1062  3484.5352  3135.0090  2369.1030  2142.3948  1909.2316  1699.4659     0.0000     0.0000     0.0000     0.0000     0.0000     0.0000     0.0000     0.0000     0.0000     0.0000     0.0000     0.0000
2019-06-13 07  14     0.0000     0.0000     0.0000     0.0000     0.0000 30823.3848 28972.2715 26891.0801 25109.3418 11307.6582 10672.9893 10039.9873  9408.1973  8781.0020  8164.2559  7557.4268  6839.6689  5994.1387  5493.6465  5013.1958  4336.7534  3845.1062  3484.5352  3135.0090  2367.8708  2142.3948  1909.2316  1699.4659  1494.1263     0.0000     0.0000     0.0000     0.0000     0.0000     0.0000     0.0000     0.0000     0.0000     0.0000     0.0000
2019-06-13 07   5     0.0000     0.0000     0.0000     0.0000 32686.5508 30822.9824 28972.1543 26891.0801 25114.2246 23356.7129 18559.5469 17211.8926 13944.0293 11850.9033 10898.4150  9964.2842  6839.6689  5994.7393  5493.6465  5013.1958  4336.7534  3845.1062  3484.5352  3135.0090  2369.1030  2142.3948  1909.2316  1699.4659     0.0000     0.0000     0.0000     0.0000     0.0000     0.0000     0.0000     0.0000     0.0000     0.0000     0.0000     0.0000
2019-06-13 07   3     0.0000     0.0000     0.0000     0.0000 32687.2422 30823.3848 28972.2715 26891.0801 25114.2246 11307.6582 10672.9893 10039.9873  9408.1973  8781.0020  8164.2559  7557.4268  6499.3652  5993.9746  5493.6465  5013.1958  4336.7534  3845.5330  3485.1880  3135.0920  2369.1030  2121.7488     0.0000     0.0000     0.0000     0.0000     0.0000     0.0000     0.0000     0.0000     0.0000     0.0000     0.0000     0.0000     0.0000     0.0000
2019-06-13 07   2     0.0000     0.0000     0.0000     0.0000 32687.2422 30823.3848 28972.2715 26891.0801 25114.2246 23356.7129 10672.9893 10039.9873  9408.1973  8781.0020  8164.2559  7557.4268  6839.6689  5994.7393  5493.6465  5013.1958  4336.7534  3845.5330  3485.1880  3135.0920  2369.1030  2142.3948  1909.2316     0.0000     0.0000     0.0000     0.0000     0.0000     0.0000     0.0000     0.0000     0.0000     0.0000     0.0000     0.0000     0.0000
2019-06-13 07   4     0.0000     0.0000     0.0000 34570.4961 32687.2422 30823.3848 28972.2715 27114.8008 25114.2246 11307.6582 10672.9893 10039.9873  9408.1973  8781.0020  8164.2559  7557.4268  6499.3652  5993.9746  5493.6465  5013.1958  4336.7534  3845.5330  3485.1880  3135.0920  2338.6431  2121.7488  1909.2316  1699.4659  1494.1263  1294.5391     0.0000     0.0000     0.0000     0.0000     0.0000     0.0000     0.0000     0.0000     0.0000     0.0000
2019-06-13 07   1     0.0000     0.0000     0.0000 34570.4961 32687.2422 30823.3848 28972.2715 26891.0801 25114.2246 11307.6582 10672.9053 10039.9873  9408.1973  8781.0020  8164.2559  7557.4268  6499.3652  5993.9746  5493.6465  5013.1958  4336.7534  3845.5330  3485.1880  3135.0920  2338.6431  2121.7488     0.0000     0.0000     0.0000     0.0000     0.0000     0.0000     0.0000     0.0000     0.0000     0.0000     0.0000     0.0000     0.0000     0.0000
