CRPS
      1.0175
      1.0010
      0.9946
      1.1102
      1.0181
      1.0552
      1.1196
      1.2213
      1.3520
      1.4793
      1.5791
      1.6348
      1.6390
      1.5341
      1.4557
      1.3760
      1.2818
      1.2274
      1.1529
      1.0941
      1.0574
      1.0261
      1.0000
      0.9837
      0.9632
      0.9701
      0.9759
      0.9856
      0.9996
      1.0242
      1.0549
      1.1194
      1.1485
      1.1026
      1.1248
      1.1317
      1.1096
      1.0887
      1.0745
      1.0575
      1.0345
      1.0155
      0.9928
      0.9916
      1.0100
      1.0969
      0.9283
      0.9891
