;Q_in;Q_out_constr;Q out(m^3/s);ht(m);prezzo (eur/MWh);energy (MWh);ricavo (eur);Q_in_real
2021-11-01 00:00:00;0.7;0.9682044287094113;13.62;1687.02;165.92;112.45;18657.96;0.6707965988147384
2021-11-01 01:00:00;0.74;0.9682044287094113;13.69;1686.97;162.53;113.02;18369.45;0.6720946147900024
2021-11-01 02:00:00;0.77;0.9682044287094113;13.7;1686.92;151.56;113.08;17137.66;0.6720946147900024
2021-11-01 03:00:00;0.75;0.9682044287094113;4.54;1686.91;140.97;37.44;5278.39;0.6707965988147384
2021-11-01 04:00:00;0.73;0.9682044287094113;13.7;1686.87;140.5;113.08;15887.05;0.6707965988147384
2021-11-01 05:00:00;0.73;0.9682044287094113;13.7;1686.82;147.49;113.06;16675.14;0.6721029631538263
2021-11-01 06:00:00;0.68;0.9682044287094113;13.69;1686.78;163.08;113.0;18427.84;0.6720946147900024
2021-11-01 07:00:00;0.62;0.9682044287094113;13.7;1686.73;163.08;113.08;18440.29;0.6720946147900024
2021-11-01 08:00:00;0.52;0.9682044287094113;13.7;1686.69;162.69;113.07;18394.66;0.665637928368977
2021-11-01 09:00:00;0.63;0.9682044287094113;13.68;1686.64;170.0;112.89;19191.12;0.6695236279309454
2021-11-01 10:00:00;0.62;0.9682044287094113;13.7;1686.6;170.0;113.08;19222.77;0.6733926307652666
2021-11-01 11:00:00;0.51;0.9682044287094113;13.7;1686.55;183.13;113.08;20707.45;0.6746906467405307
2021-11-01 12:00:00;0.53;0.9682044287094113;13.67;1686.51;173.8;112.87;19616.58;0.6746906467405307
2021-11-01 13:00:00;0.57;0.9682044287094113;13.7;1686.46;163.08;113.08;18440.29;0.6864454522030403
2021-11-01 14:00:00;0.69;0.9682044287094113;13.7;1686.42;161.8;113.08;18295.55;0.7224247358928111
2021-11-01 15:00:00;0.95;0.9682044287094113;13.7;1686.38;160.4;113.08;18137.25;0.7652889461478999
2021-11-01 16:00:00;1.2;0.9682044287094113;13.69;1686.33;164.07;112.96;18533.66;0.7823975264107188
2021-11-01 17:00:00;1.54;0.9682044287094113;13.68;1686.29;166.11;112.93;18758.8;0.7809541870651893
2021-11-01 18:00:00;1.79;0.9682044287094113;13.24;1686.25;183.0;109.24;19991.64;0.7709219273383147
2021-11-01 19:00:00;1.69;0.9682044287094113;13.7;1686.2;179.9;113.08;20342.21;0.7387498067508372
2021-11-01 20:00:00;1.82;0.9682044287094113;13.67;1686.16;163.08;112.81;18397.34;0.7115826848750321
2021-11-01 21:00:00;1.65;0.9682044287094113;13.7;1686.11;153.0;113.08;17300.49;0.7049036846173665
2021-11-01 22:00:00;1.51;0.9682044287094113;13.65;1686.07;147.37;112.66;16602.42;0.7075671218758051
2021-11-01 23:00:00;1.28;0.9682044287094113;13.7;1686.03;134.9;113.08;15253.83;0.7142563256892553
2021-11-02 00:00:00;1.1;0.9384480160221375;13.7;1685.98;145.0;113.08;16396.11;0.7169401700592631
2021-11-02 01:00:00;0.94;0.9384480160221375;0.0;1685.98;140.94;0.0;0.0;0.7102305591342437
2021-11-02 02:00:00;0.95;0.9384480160221375;13.7;1685.94;130.0;113.08;14699.76;0.7155982478742591
2021-11-02 03:00:00;0.94;0.9384480160221375;13.7;1685.9;119.0;113.08;13455.94;0.7196444215408399
2021-11-02 04:00:00;0.89;0.9384480160221375;13.7;1685.85;123.51;113.08;13965.91;0.7169401700592631
2021-11-02 05:00:00;0.76;0.9384480160221375;13.7;1685.81;146.77;113.08;16596.03;0.7049036846173665
2021-11-02 06:00:00;1.01;0.9384480160221375;13.7;1685.77;182.15;113.08;20596.63;0.6982729193506828
2021-11-02 07:00:00;0.82;0.9384480160221375;13.7;1685.72;216.83;113.08;24517.87;0.7009178046895129
2021-11-02 08:00:00;0.66;0.9384480160221375;13.7;1685.68;234.98;113.08;26570.2;0.6969504766812676
2021-11-02 09:00:00;0.72;0.9384480160221375;11.29;1685.64;228.04;93.2;21253.66;0.702240247358928
2021-11-02 10:00:00;0.73;0.9384480160221375;13.7;1685.6;221.74;113.08;25073.28;0.702240247358928
2021-11-02 11:00:00;0.91;0.9384480160221375;13.7;1685.56;223.21;113.08;25239.65;0.7129246070600359
2021-11-02 12:00:00;0.68;0.9384480160221375;13.7;1685.51;215.95;113.08;24418.49;0.7332231898995104
2021-11-02 13:00:00;0.71;0.9384480160221375;13.69;1685.47;217.35;112.98;24555.96;0.7359497036846172
2021-11-02 14:00:00;0.84;0.9384480160221375;13.7;1685.43;224.91;113.08;25431.63;0.7359497036846172
2021-11-02 15:00:00;1.12;0.9384480160221375;13.7;1685.38;231.15;113.08;26137.31;0.7291658850811644
2021-11-02 16:00:00;1.17;0.9384480160221375;13.7;1685.34;252.12;113.08;28508.5;0.7009447049729449
2021-11-02 17:00:00;1.09;0.9384480160221375;13.7;1685.3;298.97;113.08;33805.67;0.6579923730997165
2021-11-02 18:00:00;1.14;0.9384480160221375;13.7;1685.25;312.67;113.08;35355.2;0.6326186034527183
2021-11-02 19:00:00;1.11;0.9384480160221375;13.7;1685.21;280.0;113.08;31661.03;0.625151455810358
2021-11-02 20:00:00;1.06;0.9384480160221375;13.7;1685.17;231.0;113.08;26120.35;0.6239053852099973
2021-11-02 21:00:00;1.07;0.9384480160221375;13.7;1685.12;201.0;113.08;22728.1;0.6164942025251223
2021-11-02 22:00:00;1.05;0.9384480160221375;13.7;1685.08;179.99;113.08;20352.39;0.6128125740788456
2021-11-02 23:00:00;1.04;0.9384480160221375;13.7;1685.04;167.0;113.08;18883.54;0.6115853645967534
2021-11-03 00:00:00;0.88;1.0024705013483357;13.7;1684.99;161.0;113.08;18205.09;0.6103581551146612
2021-11-03 01:00:00;0.89;1.0024705013483357;13.7;1684.95;158.22;113.08;17890.74;0.6079229064674053
2021-11-03 02:00:00;0.94;1.0024705013483357;13.68;1684.91;155.19;112.92;17524.77;0.6042700334965213
2021-11-03 03:00:00;0.94;1.0024705013483357;13.7;1684.86;157.86;113.08;17850.04;0.609140530791033
2021-11-03 04:00:00;0.91;1.0024705013483357;13.7;1684.82;159.4;113.08;18024.17;0.6054876578201495
2021-11-03 05:00:00;0.92;1.0024705013483357;13.7;1684.78;162.53;113.08;18378.1;0.6030524091728936
2021-11-03 06:00:00;0.89;1.0024705013483357;13.7;1684.73;179.19;113.08;20261.93;0.6042700334965213
2021-11-03 07:00:00;0.88;1.0024705013483357;13.7;1684.69;204.37;113.08;23109.16;0.6030524091728936
2021-11-03 08:00:00;0.96;1.0024705013483357;13.7;1684.65;230.09;113.08;26017.22;0.5994282916774027
2021-11-03 09:00:00;0.92;1.0024705013483357;13.7;1684.61;219.09;113.08;24773.54;0.6079229064674053
2021-11-03 10:00:00;0.85;1.0024705013483357;13.7;1684.56;210.2;113.08;23768.39;0.6152669930430301
2021-11-03 11:00:00;0.96;1.0024705013483357;13.7;1684.52;213.26;113.08;24114.4;0.6201950012883276
2021-11-03 12:00:00;1.0;1.0024705013483357;10.84;1684.49;206.2;89.44;18443.0;0.6201950012883276
2021-11-03 13:00:00;0.92;1.0024705013483357;13.7;1684.44;211.11;113.08;23870.85;0.6226685905694407
2021-11-03 14:00:00;0.88;1.0024705013483357;13.7;1684.4;215.9;113.08;24413.33;0.6301264622519966
2021-11-03 15:00:00;0.95;1.0024705013483357;13.7;1684.36;227.28;113.08;25699.71;0.6326186034527183
2021-11-03 16:00:00;1.05;1.0024705013483357;13.7;1684.32;227.01;113.08;25668.74;0.6263882504509147
2021-11-03 17:00:00;1.09;1.0024705013483357;13.7;1684.27;262.4;113.08;29670.91;0.6276343210512754
2021-11-03 18:00:00;1.06;1.0024705013483357;13.7;1684.23;280.0;113.08;31661.03;0.6326186034527183
2021-11-03 19:00:00;1.08;1.0024705013483357;13.7;1684.19;250.0;113.08;28268.78;0.6239146611698014
2021-11-03 20:00:00;1.03;1.0024705013483357;11.29;1684.16;208.13;93.22;19402.17;0.6177214120072146
2021-11-03 21:00:00;1.34;1.0024705013483357;13.7;1684.11;183.63;113.08;20763.98;0.6214317959288843
2021-11-03 22:00:00;1.34;1.0024705013483357;13.69;1684.07;165.92;113.02;18753.01;0.6201950012883276
2021-11-03 23:00:00;1.37;1.0024705013483357;13.7;1684.03;146.22;113.08;16533.84;0.6301264622519966
